2459190.53156949  17.728  0.024
2459190.53156949  15.348  0.003
2459190.53156949  15.294  0.003
2459190.53156949  14.972  0.002
2459190.53156949  14.825  0.002
2459190.53156949  17.082  0.012
2459190.53156949  17.434  0.019
2459190.53156949  16.757  0.010
2459190.53156949  17.855  0.026
2459190.53191669  17.772  0.023
2459190.53191669  15.406  0.003
2459190.53191669  15.358  0.003
2459190.53191669  15.017  0.002
2459190.53191669  14.894  0.002
2459190.53191669  17.137  0.013
2459190.53191669  17.502  0.019
2459190.53191669  16.810  0.009
2459190.53191669  17.876  0.026
2459190.5322639  17.798  0.023
2459190.5322639  15.436  0.003
2459190.5322639  15.400  0.003
2459190.5322639  15.044  0.002
2459190.5322639  14.923  0.002
2459190.5322639  17.185  0.012
2459190.5322639  17.519  0.019
2459190.5322639  16.845  0.009
2459190.5322639  17.919  0.024
2459190.5326111  17.746  0.020
2459190.5326111  15.383  0.003
2459190.5326111  15.321  0.003
2459190.5326111  15.014  0.002
2459190.5326111  14.848  0.002
2459190.5326111  17.132  0.011
2459190.5326111  17.496  0.017
2459190.5326111  16.790  0.008
2459190.5326111  17.826  0.021
2459190.53295831  17.715  0.019
2459190.53295831  15.352  0.003
2459190.53295831  15.299  0.002
2459190.53295831  14.988  0.002
2459190.53295831  14.814  0.002
2459190.53295831  17.094  0.010
2459190.53295831  17.436  0.016
2459190.53295831  16.767  0.008
2459190.53295831  17.852  0.021
2459190.53330551  17.692  0.018
2459190.53330551  15.336  0.003
2459190.53330551  15.280  0.002
2459190.53330551  14.964  0.002
2459190.53330551  14.801  0.002
2459190.53330551  17.070  0.009
2459190.53330551  17.393  0.014
2459190.53330551  16.744  0.007
2459190.53330551  17.776  0.019
2459190.53365272  17.759  0.018
2459190.53365272  15.339  0.002
2459190.53365272  15.290  0.002
2459190.53365272  14.972  0.002
2459190.53365272  14.810  0.002
2459190.53365272  17.096  0.009
2459190.53365272  17.420  0.013
2459190.53365272  16.760  0.007
2459190.53365272  17.831  0.019
2459190.53399993  18.207  0.026
2459190.53399993  15.333  0.002
2459190.53399993  15.291  0.002
2459190.53399993  14.970  0.002
2459190.53399993  14.804  0.002
2459190.53399993  17.062  0.009
2459190.53399993  17.411  0.013
2459190.53399993  16.745  0.007
2459190.53399993  17.833  0.019
2459190.53434713  19.382  0.076
2459190.53434713  15.313  0.002
2459190.53434713  15.262  0.002
2459190.53434713  14.943  0.002
2459190.53434713  14.788  0.002
2459190.53434713  17.049  0.009
2459190.53434713  17.385  0.012
2459190.53434713  16.732  0.007
2459190.53434713  17.787  0.017
2459190.53469433  INDEF  INDEF
2459190.53469433  15.303  0.002
2459190.53469433  15.251  0.002
2459190.53469433  14.932  0.002
2459190.53469433  14.778  0.002
2459190.53469433  17.065  0.009
2459190.53469433  17.393  0.012
2459190.53469433  16.717  0.006
2459190.53469433  17.770  0.018
2459190.53504154  24.600  8.255
2459190.53504154  15.312  0.002
2459190.53504154  15.261  0.002
2459190.53504154  14.937  0.002
2459190.53504154  14.788  0.002
2459190.53504154  17.055  0.008
2459190.53504154  17.382  0.012
2459190.53504154  16.721  0.006
2459190.53504154  17.793  0.017
2459190.53538874  INDEF  INDEF
2459190.53538874  15.301  0.002
2459190.53538874  15.246  0.002
2459190.53538874  14.929  0.002
2459190.53538874  14.780  0.002
2459190.53538874  17.046  0.008
2459190.53538874  17.370  0.011
2459190.53538874  16.717  0.006
2459190.53538874  17.760  0.016
2459190.53573595  23.474  2.717
2459190.53573595  15.299  0.002
2459190.53573595  15.244  0.002
2459190.53573595  14.930  0.002
2459190.53573595  14.770  0.002
2459190.53573595  17.050  0.008
2459190.53573595  17.370  0.010
2459190.53573595  16.707  0.006
2459190.53573595  17.753  0.015
2459190.53608315  INDEF  INDEF
2459190.53608315  15.295  0.002
2459190.53608315  15.242  0.002
2459190.53608315  14.928  0.002
2459190.53608315  14.767  0.002
2459190.53608315  17.055  0.007
2459190.53608315  17.392  0.010
2459190.53608315  16.721  0.006
2459190.53608315  17.753  0.015
2459190.53643036  INDEF  INDEF
2459190.53643036  15.305  0.002
2459190.53643036  15.254  0.002
2459190.53643036  14.935  0.002
2459190.53643036  14.774  0.002
2459190.53643036  17.048  0.007
2459190.53643036  17.377  0.010
2459190.53643036  16.716  0.006
2459190.53643036  17.750  0.014
2459190.53677757  20.124  0.119
2459190.53677757  15.315  0.002
2459190.53677757  15.264  0.002
2459190.53677757  14.940  0.002
2459190.53677757  14.789  0.002
2459190.53677757  17.057  0.007
2459190.53677757  17.406  0.010
2459190.53677757  16.730  0.005
2459190.53677757  17.784  0.014
2459190.53712477  18.381  0.023
2459190.53712477  15.299  0.002
2459190.53712477  15.248  0.002
2459190.53712477  14.932  0.002
2459190.53712477  14.770  0.001
2459190.53712477  17.052  0.007
2459190.53712477  17.392  0.009
2459190.53712477  16.717  0.005
2459190.53712477  17.758  0.014
2459190.53747197  17.774  0.014
2459190.53747197  15.309  0.002
2459190.53747197  15.254  0.002
2459190.53747197  14.945  0.002
2459190.53747197  14.776  0.002
2459190.53747197  17.049  0.007
2459190.53747197  17.408  0.009
2459190.53747197  16.734  0.005
2459190.53747197  17.779  0.013
2459190.53781918  17.681  0.013
2459190.53781918  15.330  0.002
2459190.53781918  15.278  0.002
2459190.53781918  14.952  0.002
2459190.53781918  14.797  0.002
2459190.53781918  17.074  0.007
2459190.53781918  17.409  0.009
2459190.53781918  16.743  0.005
2459190.53781918  17.808  0.013
2459190.53816638  17.662  0.011
2459190.53816638  15.308  0.002
2459190.53816638  15.256  0.002
2459190.53816638  14.945  0.002
2459190.53816638  14.779  0.001
2459190.53816638  17.068  0.006
2459190.53816638  17.406  0.008
2459190.53816638  16.732  0.005
2459190.53816638  17.763  0.012
2459190.53851359  17.672  0.011
2459190.53851359  15.325  0.002
2459190.53851359  15.278  0.002
2459190.53851359  14.958  0.002
2459190.53851359  14.795  0.001
2459190.53851359  17.065  0.006
2459190.53851359  17.427  0.009
2459190.53851359  16.746  0.005
2459190.53851359  17.808  0.013
2459190.53886079  17.655  0.012
2459190.53886079  15.317  0.002
2459190.53886079  15.260  0.002
2459190.53886079  14.946  0.002
2459190.53886079  14.780  0.001
2459190.53886079  17.055  0.006
2459190.53886079  17.385  0.008
2459190.53886079  16.728  0.005
2459190.53886079  17.777  0.013
2459190.539208  17.674  0.011
2459190.539208  15.318  0.002
2459190.539208  15.267  0.002
2459190.539208  14.954  0.002
2459190.539208  14.783  0.001
2459190.539208  17.070  0.006
2459190.539208  17.396  0.008
2459190.539208  16.742  0.005
2459190.539208  17.775  0.012
2459190.53955521  17.697  0.011
2459190.53955521  15.330  0.002
2459190.53955521  15.290  0.002
2459190.53955521  14.975  0.002
2459190.53955521  14.795  0.001
2459190.53955521  17.064  0.006
2459190.53955521  17.417  0.008
2459190.53955521  16.752  0.005
2459190.53955521  17.837  0.012
2459190.53990241  17.685  0.011
2459190.53990241  15.328  0.002
2459190.53990241  15.275  0.002
2459190.53990241  14.954  0.002
2459190.53990241  14.798  0.001
2459190.53990241  17.078  0.006
2459190.53990241  17.412  0.008
2459190.53990241  16.741  0.005
2459190.53990241  17.788  0.013
2459190.54024961  17.674  0.010
2459190.54024961  15.332  0.002
2459190.54024961  15.270  0.002
2459190.54024961  14.960  0.002
2459190.54024961  14.799  0.001
2459190.54024961  17.086  0.006
2459190.54024961  17.424  0.008
2459190.54024961  16.736  0.005
2459190.54024961  17.789  0.011
2459190.54059682  17.662  0.010
2459190.54059682  15.326  0.002
2459190.54059682  15.267  0.002
2459190.54059682  14.955  0.002
2459190.54059682  14.795  0.001
2459190.54059682  17.065  0.006
2459190.54059682  17.394  0.008
2459190.54059682  16.748  0.005
2459190.54059682  17.800  0.012
2459190.54094402  17.671  0.010
2459190.54094402  15.329  0.002
2459190.54094402  15.279  0.002
2459190.54094402  14.962  0.002
2459190.54094402  14.800  0.001
2459190.54094402  17.083  0.006
2459190.54094402  17.407  0.007
2459190.54094402  16.748  0.005
2459190.54094402  17.791  0.011
2459190.54129123  17.678  0.010
2459190.54129123  15.329  0.002
2459190.54129123  15.275  0.002
2459190.54129123  14.954  0.002
2459190.54129123  14.798  0.001
2459190.54129123  17.069  0.006
2459190.54129123  17.413  0.007
2459190.54129123  16.750  0.005
2459190.54129123  17.799  0.010
2459190.54163843  17.699  0.010
2459190.54163843  15.326  0.002
2459190.54163843  15.278  0.002
2459190.54163843  14.953  0.002
2459190.54163843  14.799  0.001
2459190.54163843  17.063  0.006
2459190.54163843  17.436  0.008
2459190.54163843  16.745  0.005
2459190.54163843  17.792  0.011
2459190.54198564  17.690  0.010
2459190.54198564  15.329  0.002
2459190.54198564  15.288  0.002
2459190.54198564  14.970  0.002
2459190.54198564  14.799  0.001
2459190.54198564  17.080  0.006
2459190.54198564  17.417  0.007
2459190.54198564  16.751  0.005
2459190.54198564  17.814  0.012
2459190.54233285  17.693  0.010
2459190.54233285  15.331  0.002
2459190.54233285  15.283  0.002
2459190.54233285  14.964  0.002
2459190.54233285  14.805  0.001
2459190.54233285  17.069  0.006
2459190.54233285  17.419  0.007
2459190.54233285  16.758  0.004
2459190.54233285  17.810  0.011
2459190.54268005  17.680  0.009
2459190.54268005  15.330  0.002
2459190.54268005  15.277  0.002
2459190.54268005  14.966  0.002
2459190.54268005  14.798  0.001
2459190.54268005  17.072  0.006
2459190.54268005  17.404  0.007
2459190.54268005  16.748  0.004
2459190.54268005  17.787  0.010
2459190.54302726  17.696  0.010
2459190.54302726  15.345  0.002
2459190.54302726  15.297  0.002
2459190.54302726  14.977  0.002
2459190.54302726  14.816  0.001
2459190.54302726  17.080  0.005
2459190.54302726  17.417  0.007
2459190.54302726  16.760  0.004
2459190.54302726  17.822  0.011
2459190.54337446  17.683  0.009
2459190.54337446  15.346  0.002
2459190.54337446  15.287  0.002
2459190.54337446  14.980  0.002
2459190.54337446  14.811  0.001
2459190.54337446  17.086  0.005
2459190.54337446  17.423  0.007
2459190.54337446  16.769  0.004
2459190.54337446  17.811  0.010
2459190.54372167  17.730  0.009
2459190.54372167  15.356  0.002
2459190.54372167  15.312  0.002
2459190.54372167  14.999  0.002
2459190.54372167  14.824  0.001
2459190.54372167  17.098  0.005
2459190.54372167  17.426  0.007
2459190.54372167  16.781  0.004
2459190.54372167  17.840  0.010
2459190.54406887  17.683  0.009
2459190.54406887  15.347  0.002
2459190.54406887  15.297  0.002
2459190.54406887  14.973  0.002
2459190.54406887  14.823  0.001
2459190.54406887  17.084  0.005
2459190.54406887  17.422  0.007
2459190.54406887  16.762  0.004
2459190.54406887  17.816  0.010
2459190.54441607  17.691  0.009
2459190.54441607  15.345  0.002
2459190.54441607  15.300  0.002
2459190.54441607  14.973  0.002
2459190.54441607  14.823  0.001
2459190.54441607  17.087  0.005
2459190.54441607  17.431  0.007
2459190.54441607  16.754  0.004
2459190.54441607  17.803  0.010
2459190.54476328  17.702  0.009
2459190.54476328  15.355  0.002
2459190.54476328  15.305  0.002
2459190.54476328  14.975  0.002
2459190.54476328  14.838  0.001
2459190.54476328  17.099  0.005
2459190.54476328  17.430  0.007
2459190.54476328  16.770  0.004
2459190.54476328  17.821  0.010
2459190.54511049  17.672  0.009
2459190.54511049  15.337  0.002
2459190.54511049  15.286  0.002
2459190.54511049  14.970  0.002
2459190.54511049  14.808  0.001
2459190.54511049  17.092  0.005
2459190.54511049  17.412  0.007
2459190.54511049  16.764  0.004
2459190.54511049  17.794  0.010
2459190.54545769  17.696  0.009
2459190.54545769  15.343  0.002
2459190.54545769  15.288  0.002
2459190.54545769  14.980  0.002
2459190.54545769  14.809  0.001
2459190.54545769  17.097  0.005
2459190.54545769  17.440  0.007
2459190.54545769  16.769  0.004
2459190.54545769  17.816  0.010
2459190.5458049  17.722  0.009
2459190.5458049  15.355  0.002
2459190.5458049  15.307  0.002
2459190.5458049  14.983  0.002
2459190.5458049  14.825  0.001
2459190.5458049  17.101  0.005
2459190.5458049  17.440  0.007
2459190.5458049  16.774  0.004
2459190.5458049  17.831  0.011
2459190.5461521  17.671  0.009
2459190.5461521  15.340  0.002
2459190.5461521  15.280  0.002
2459190.5461521  14.964  0.002
2459190.5461521  14.808  0.001
2459190.5461521  17.082  0.005
2459190.5461521  17.425  0.007
2459190.5461521  16.757  0.004
2459190.5461521  17.807  0.010
2459190.5464993  17.671  0.009
2459190.5464993  15.349  0.002
2459190.5464993  15.285  0.002
2459190.5464993  14.971  0.002
2459190.5464993  14.817  0.001
2459190.5464993  17.098  0.006
2459190.5464993  17.426  0.007
2459190.5464993  16.762  0.004
2459190.5464993  17.785  0.010
2459190.54684651  17.677  0.010
2459190.54684651  15.349  0.002
2459190.54684651  15.293  0.002
2459190.54684651  14.983  0.002
2459190.54684651  14.814  0.001
2459190.54684651  17.092  0.006
2459190.54684651  17.441  0.007
2459190.54684651  16.759  0.004
2459190.54684651  17.823  0.011
2459190.54719371  17.689  0.009
2459190.54719371  15.351  0.002
2459190.54719371  15.302  0.002
2459190.54719371  14.977  0.002
2459190.54719371  14.827  0.001
2459190.54719371  17.106  0.006
2459190.54719371  17.429  0.007
2459190.54719371  16.771  0.005
2459190.54719371  17.806  0.011
2459190.54754092  17.681  0.010
2459190.54754092  15.354  0.002
2459190.54754092  15.300  0.002
2459190.54754092  14.980  0.002
2459190.54754092  14.819  0.001
2459190.54754092  17.093  0.006
2459190.54754092  17.438  0.007
2459190.54754092  16.771  0.004
2459190.54754092  17.802  0.010
2459190.54788812  17.652  0.009
2459190.54788812  15.333  0.002
2459190.54788812  15.285  0.002
2459190.54788812  14.958  0.002
2459190.54788812  14.806  0.001
2459190.54788812  17.076  0.006
2459190.54788812  17.421  0.007
2459190.54788812  16.747  0.005
2459190.54788812  17.782  0.011
2459190.54823533  17.654  0.010
2459190.54823533  15.322  0.002
2459190.54823533  15.264  0.002
2459190.54823533  14.950  0.002
2459190.54823533  14.788  0.001
2459190.54823533  17.053  0.006
2459190.54823533  17.403  0.007
2459190.54823533  16.732  0.004
2459190.54823533  17.787  0.011
2459190.54858254  17.671  0.010
2459190.54858254  15.341  0.002
2459190.54858254  15.273  0.002
2459190.54858254  14.974  0.002
2459190.54858254  14.795  0.001
2459190.54858254  17.088  0.006
2459190.54858254  17.420  0.007
2459190.54858254  16.746  0.004
2459190.54858254  17.793  0.011
2459190.54892974  17.671  0.010
2459190.54892974  15.343  0.002
2459190.54892974  15.288  0.002
2459190.54892974  14.975  0.002
2459190.54892974  14.811  0.001
2459190.54892974  17.084  0.006
2459190.54892974  17.433  0.008
2459190.54892974  16.761  0.005
2459190.54892974  17.798  0.011
2459190.54927695  17.692  0.010
2459190.54927695  15.355  0.002
2459190.54927695  15.312  0.002
2459190.54927695  14.985  0.002
2459190.54927695  14.825  0.002
2459190.54927695  17.098  0.006
2459190.54927695  17.410  0.007
2459190.54927695  16.775  0.005
2459190.54927695  17.840  0.012
2459190.54962415  17.673  0.010
2459190.54962415  15.337  0.002
2459190.54962415  15.288  0.002
2459190.54962415  14.967  0.002
2459190.54962415  14.811  0.001
2459190.54962415  17.084  0.006
2459190.54962415  17.424  0.007
2459190.54962415  16.752  0.004
2459190.54962415  17.811  0.012
2459190.54997135  17.653  0.010
2459190.54997135  15.332  0.002
2459190.54997135  15.276  0.002
2459190.54997135  14.962  0.002
2459190.54997135  14.801  0.001
2459190.54997135  17.070  0.005
2459190.54997135  17.417  0.007
2459190.54997135  16.743  0.005
2459190.54997135  17.788  0.011
2459190.55031856  17.662  0.010
2459190.55031856  15.343  0.002
2459190.55031856  15.278  0.002
2459190.55031856  14.973  0.002
2459190.55031856  14.800  0.001
2459190.55031856  17.080  0.006
2459190.55031856  17.418  0.007
2459190.55031856  16.750  0.004
2459190.55031856  17.807  0.011
2459190.55066577  17.678  0.010
2459190.55066577  15.358  0.002
2459190.55066577  15.297  0.002
2459190.55066577  14.982  0.002
2459190.55066577  14.827  0.001
2459190.55066577  17.115  0.006
2459190.55066577  17.438  0.007
2459190.55066577  16.769  0.004
2459190.55066577  17.808  0.011
2459190.55101297  17.732  0.010
2459190.55101297  15.392  0.002
2459190.55101297  15.336  0.002
2459190.55101297  15.030  0.002
2459190.55101297  14.852  0.001
2459190.55101297  17.140  0.006
2459190.55101297  17.467  0.007
2459190.55101297  16.812  0.005
2459190.55101297  17.850  0.011
2459190.55136018  17.689  0.009
2459190.55136018  15.362  0.002
2459190.55136018  15.309  0.002
2459190.55136018  14.991  0.002
2459190.55136018  14.834  0.001
2459190.55136018  17.101  0.005
2459190.55136018  17.444  0.007
2459190.55136018  16.773  0.004
2459190.55136018  17.814  0.011
2459190.55170738  17.701  0.009
2459190.55170738  15.363  0.002
2459190.55170738  15.313  0.002
2459190.55170738  14.994  0.002
2459190.55170738  14.833  0.001
2459190.55170738  17.099  0.005
2459190.55170738  17.440  0.007
2459190.55170738  16.772  0.004
2459190.55170738  17.829  0.011
2459190.55205458  17.706  0.009
2459190.55205458  15.365  0.002
2459190.55205458  15.311  0.002
2459190.55205458  14.993  0.002
2459190.55205458  14.832  0.001
2459190.55205458  17.099  0.005
2459190.55205458  17.446  0.007
2459190.55205458  16.777  0.004
2459190.55205458  17.811  0.010
2459190.55240179  17.673  0.009
2459190.55240179  15.368  0.002
2459190.55240179  15.310  0.002
2459190.55240179  14.999  0.002
2459190.55240179  14.834  0.001
2459190.55240179  17.105  0.005
2459190.55240179  17.458  0.007
2459190.55240179  16.778  0.004
2459190.55240179  17.826  0.010
2459190.552749  17.715  0.009
2459190.552749  15.375  0.002
2459190.552749  15.323  0.002
2459190.552749  14.997  0.002
2459190.552749  14.854  0.001
2459190.552749  17.111  0.005
2459190.552749  17.454  0.007
2459190.552749  16.781  0.004
2459190.552749  17.822  0.010
2459190.5530962  17.728  0.009
2459190.5530962  15.392  0.002
2459190.5530962  15.341  0.002
2459190.5530962  15.009  0.002
2459190.5530962  14.866  0.001
2459190.5530962  17.146  0.006
2459190.5530962  17.463  0.007
2459190.5530962  16.807  0.004
2459190.5530962  17.845  0.011
2459190.55344341  17.685  0.009
2459190.55344341  15.347  0.002
2459190.55344341  15.291  0.002
2459190.55344341  14.976  0.002
2459190.55344341  14.817  0.001
2459190.55344341  17.082  0.005
2459190.55344341  17.440  0.007
2459190.55344341  16.758  0.004
2459190.55344341  17.800  0.010
2459190.55379061  17.682  0.009
2459190.55379061  15.341  0.002
2459190.55379061  15.285  0.002
2459190.55379061  14.987  0.002
2459190.55379061  14.803  0.001
2459190.55379061  17.070  0.005
2459190.55379061  17.424  0.007
2459190.55379061  16.764  0.004
2459190.55379061  17.813  0.011
2459190.55413782  17.689  0.009
2459190.55413782  15.351  0.002
2459190.55413782  15.300  0.002
2459190.55413782  14.981  0.002
2459190.55413782  14.817  0.001
2459190.55413782  17.094  0.006
2459190.55413782  17.433  0.007
2459190.55413782  16.779  0.004
2459190.55413782  17.826  0.011
2459190.55448502  17.690  0.009
2459190.55448502  15.368  0.002
2459190.55448502  15.313  0.002
2459190.55448502  14.989  0.002
2459190.55448502  14.838  0.001
2459190.55448502  17.113  0.005
2459190.55448502  17.445  0.007
2459190.55448502  16.791  0.004
2459190.55448502  17.824  0.011
2459190.55483223  17.674  0.009
2459190.55483223  15.352  0.002
2459190.55483223  15.295  0.002
2459190.55483223  14.980  0.002
2459190.55483223  14.813  0.001
2459190.55483223  17.095  0.006
2459190.55483223  17.446  0.007
2459190.55483223  16.765  0.004
2459190.55483223  17.801  0.010
2459190.55517943  17.688  0.009
2459190.55517943  15.364  0.002
2459190.55517943  15.310  0.002
2459190.55517943  15.000  0.002
2459190.55517943  14.833  0.001
2459190.55517943  17.103  0.005
2459190.55517943  17.445  0.007
2459190.55517943  16.781  0.004
2459190.55517943  17.825  0.011
2459190.55552664  17.689  0.010
2459190.55552664  15.363  0.002
2459190.55552664  15.306  0.002
2459190.55552664  14.993  0.002
2459190.55552664  14.829  0.001
2459190.55552664  17.107  0.005
2459190.55552664  17.428  0.007
2459190.55552664  16.777  0.004
2459190.55552664  17.806  0.010
2459190.55587384  17.683  0.010
2459190.55587384  15.369  0.002
2459190.55587384  15.318  0.002
2459190.55587384  15.000  0.002
2459190.55587384  14.845  0.001
2459190.55587384  17.118  0.006
2459190.55587384  17.464  0.007
2459190.55587384  16.788  0.004
2459190.55587384  17.825  0.011
2459190.55622105  17.692  0.009
2459190.55622105  15.366  0.002
2459190.55622105  15.320  0.002
2459190.55622105  14.998  0.002
2459190.55622105  14.835  0.001
2459190.55622105  17.110  0.006
2459190.55622105  17.457  0.007
2459190.55622105  16.790  0.004
2459190.55622105  17.837  0.011
2459190.55656825  17.711  0.010
2459190.55656825  15.391  0.002
2459190.55656825  15.337  0.002
2459190.55656825  15.020  0.002
2459190.55656825  14.856  0.001
2459190.55656825  17.124  0.006
2459190.55656825  17.482  0.007
2459190.55656825  16.805  0.004
2459190.55656825  17.842  0.011
2459190.55691546  17.746  0.009
2459190.55691546  15.419  0.002
2459190.55691546  15.361  0.002
2459190.55691546  15.047  0.002
2459190.55691546  14.884  0.001
2459190.55691546  17.162  0.006
2459190.55691546  17.491  0.007
2459190.55691546  16.833  0.004
2459190.55691546  17.865  0.011
2459190.55726266  17.719  0.009
2459190.55726266  15.401  0.002
2459190.55726266  15.347  0.002
2459190.55726266  15.036  0.002
2459190.55726266  14.867  0.001
2459190.55726266  17.141  0.005
2459190.55726266  17.482  0.007
2459190.55726266  16.819  0.004
2459190.55726266  17.844  0.010
2459190.55760986  17.732  0.009
2459190.55760986  15.407  0.002
2459190.55760986  15.347  0.002
2459190.55760986  15.048  0.002
2459190.55760986  14.865  0.001
2459190.55760986  17.161  0.005
2459190.55760986  17.484  0.007
2459190.55760986  16.819  0.004
2459190.55760986  17.875  0.010
2459190.55795707  17.763  0.010
2459190.55795707  15.431  0.002
2459190.55795707  15.376  0.002
2459190.55795707  15.068  0.002
2459190.55795707  14.895  0.001
2459190.55795707  17.182  0.006
2459190.55795707  17.515  0.007
2459190.55795707  16.850  0.005
2459190.55795707  17.903  0.011
2459190.55830428  17.735  0.009
2459190.55830428  15.396  0.002
2459190.55830428  15.349  0.002
2459190.55830428  15.019  0.002
2459190.55830428  14.865  0.001
2459190.55830428  17.127  0.005
2459190.55830428  17.473  0.007
2459190.55830428  16.819  0.004
2459190.55830428  17.847  0.011
2459190.55865149  17.720  0.010
2459190.55865149  15.382  0.002
2459190.55865149  15.334  0.002
2459190.55865149  15.008  0.002
2459190.55865149  14.857  0.001
2459190.55865149  17.117  0.005
2459190.55865149  17.477  0.007
2459190.55865149  16.800  0.004
2459190.55865149  17.839  0.011
2459190.55899869  17.701  0.009
2459190.55899869  15.391  0.002
2459190.55899869  15.326  0.002
2459190.55899869  15.014  0.002
2459190.55899869  14.863  0.001
2459190.55899869  17.144  0.005
2459190.55899869  17.478  0.007
2459190.55899869  16.807  0.004
2459190.55899869  17.827  0.010
2459190.55934589  17.693  0.010
2459190.55934589  15.381  0.002
2459190.55934589  15.317  0.002
2459190.55934589  15.010  0.002
2459190.55934589  14.839  0.001
2459190.55934589  17.131  0.006
2459190.55934589  17.460  0.007
2459190.55934589  16.785  0.004
2459190.55934589  17.817  0.010
2459190.5596931  17.702  0.010
2459190.5596931  15.370  0.002
2459190.5596931  15.314  0.002
2459190.5596931  14.990  0.002
2459190.5596931  14.841  0.001
2459190.5596931  17.114  0.006
2459190.5596931  17.453  0.007
2459190.5596931  16.785  0.005
2459190.5596931  17.830  0.011
2459190.5600403  17.683  0.010
2459190.5600403  15.364  0.002
2459190.5600403  15.306  0.002
2459190.5600403  14.994  0.002
2459190.5600403  14.828  0.001
2459190.5600403  17.103  0.006
2459190.5600403  17.435  0.007
2459190.5600403  16.777  0.005
2459190.5600403  17.829  0.011
2459190.56038751  17.690  0.010
2459190.56038751  15.350  0.002
2459190.56038751  15.298  0.002
2459190.56038751  14.985  0.002
2459190.56038751  14.816  0.001
2459190.56038751  17.097  0.006
2459190.56038751  17.440  0.007
2459190.56038751  16.754  0.005
2459190.56038751  17.822  0.011
2459190.56073471  17.676  0.010
2459190.56073471  15.358  0.002
2459190.56073471  15.297  0.002
2459190.56073471  14.984  0.002
2459190.56073471  14.820  0.001
2459190.56073471  17.098  0.006
2459190.56073471  17.447  0.007
2459190.56073471  16.767  0.005
2459190.56073471  17.809  0.011
2459190.56108192  17.685  0.011
2459190.56108192  15.379  0.002
2459190.56108192  15.321  0.002
2459190.56108192  15.008  0.002
2459190.56108192  14.838  0.002
2459190.56108192  17.127  0.006
2459190.56108192  17.453  0.008
2459190.56108192  16.799  0.005
2459190.56108192  17.822  0.012
2459190.56142912  17.704  0.010
2459190.56142912  15.381  0.002
2459190.56142912  15.321  0.002
2459190.56142912  15.016  0.002
2459190.56142912  14.843  0.002
2459190.56142912  17.121  0.006
2459190.56142912  17.465  0.008
2459190.56142912  16.803  0.005
2459190.56142912  17.836  0.013
2459190.56177633  17.687  0.010
2459190.56177633  15.366  0.002
2459190.56177633  15.318  0.002
2459190.56177633  15.006  0.002
2459190.56177633  14.828  0.002
2459190.56177633  17.111  0.006
2459190.56177633  17.451  0.007
2459190.56177633  16.793  0.005
2459190.56177633  17.824  0.012
2459190.56212353  17.658  0.010
2459190.56212353  15.360  0.002
2459190.56212353  15.299  0.002
2459190.56212353  14.987  0.002
2459190.56212353  14.825  0.002
2459190.56212353  17.103  0.006
2459190.56212353  17.446  0.008
2459190.56212353  16.762  0.005
2459190.56212353  17.830  0.012
2459190.56247074  17.686  0.011
2459190.56247074  15.361  0.002
2459190.56247074  15.307  0.002
2459190.56247074  14.987  0.002
2459190.56247074  14.830  0.002
2459190.56247074  17.100  0.006
2459190.56247074  17.428  0.008
2459190.56247074  16.772  0.005
2459190.56247074  17.790  0.011
2459190.56281794  17.662  0.010
2459190.56281794  15.355  0.002
2459190.56281794  15.298  0.002
2459190.56281794  14.983  0.002
2459190.56281794  14.821  0.002
2459190.56281794  17.096  0.006
2459190.56281794  17.447  0.008
2459190.56281794  16.763  0.005
2459190.56281794  17.810  0.012
2459190.56316514  17.701  0.011
2459190.56316514  15.384  0.002
2459190.56316514  15.331  0.002
2459190.56316514  15.009  0.002
2459190.56316514  14.854  0.002
2459190.56316514  17.141  0.006
2459190.56316514  17.466  0.008
2459190.56316514  16.794  0.005
2459190.56316514  17.823  0.012
2459190.56351235  17.756  0.012
2459190.56351235  15.459  0.002
2459190.56351235  15.402  0.002
2459190.56351235  15.108  0.002
2459190.56351235  14.915  0.002
2459190.56351235  17.202  0.006
2459190.56351235  17.544  0.008
2459190.56351235  16.883  0.005
2459190.56351235  17.916  0.014
2459190.56385956  17.739  0.011
2459190.56385956  15.423  0.002
2459190.56385956  15.375  0.002
2459190.56385956  15.072  0.002
2459190.56385956  14.886  0.002
2459190.56385956  17.169  0.006
2459190.56385956  17.508  0.008
2459190.56385956  16.844  0.005
2459190.56385956  17.878  0.013
2459190.56420676  17.694  0.010
2459190.56420676  15.365  0.002
2459190.56420676  15.313  0.002
2459190.56420676  14.995  0.002
2459190.56420676  14.835  0.001
2459190.56420676  17.111  0.006
2459190.56420676  17.451  0.008
2459190.56420676  16.784  0.005
2459190.56420676  17.817  0.012
2459190.56455397  17.679  0.011
2459190.56455397  15.366  0.002
2459190.56455397  15.305  0.002
2459190.56455397  14.985  0.002
2459190.56455397  14.826  0.002
2459190.56455397  17.116  0.006
2459190.56455397  17.442  0.007
2459190.56455397  16.787  0.005
2459190.56455397  17.809  0.012
2459190.56490117  17.681  0.010
2459190.56490117  15.367  0.002
2459190.56490117  15.315  0.002
2459190.56490117  14.991  0.002
2459190.56490117  14.835  0.002
2459190.56490117  17.103  0.006
2459190.56490117  17.448  0.008
2459190.56490117  16.783  0.005
2459190.56490117  17.832  0.012
2459190.56524838  17.664  0.010
2459190.56524838  15.367  0.002
2459190.56524838  15.305  0.002
2459190.56524838  14.997  0.002
2459190.56524838  14.825  0.002
2459190.56524838  17.105  0.006
2459190.56524838  17.444  0.008
2459190.56524838  16.778  0.005
2459190.56524838  17.792  0.012
2459190.56559559  17.669  0.011
2459190.56559559  15.363  0.002
2459190.56559559  15.305  0.002
2459190.56559559  14.989  0.002
2459190.56559559  14.824  0.002
2459190.56559559  17.102  0.006
2459190.56559559  17.444  0.008
2459190.56559559  16.781  0.005
2459190.56559559  17.809  0.014
2459190.56594279  17.674  0.011
2459190.56594279  15.390  0.002
2459190.56594279  15.327  0.002
2459190.56594279  15.014  0.002
2459190.56594279  14.853  0.002
2459190.56594279  17.131  0.007
2459190.56594279  17.470  0.008
2459190.56594279  16.802  0.005
2459190.56594279  17.817  0.013
2459190.56628999  17.688  0.012
2459190.56628999  15.401  0.002
2459190.56628999  15.339  0.002
2459190.56628999  15.020  0.002
2459190.56628999  14.862  0.002
2459190.56628999  17.154  0.007
2459190.56628999  17.465  0.008
2459190.56628999  16.818  0.005
2459190.56628999  17.840  0.014
2459190.5666372  17.685  0.011
2459190.5666372  15.402  0.002
2459190.5666372  15.344  0.002
2459190.5666372  15.014  0.002
2459190.5666372  14.867  0.002
2459190.5666372  17.142  0.007
2459190.5666372  17.479  0.009
2459190.5666372  16.810  0.005
2459190.5666372  17.809  0.013
2459190.5669844  17.677  0.012
2459190.5669844  15.398  0.002
2459190.5669844  15.340  0.002
2459190.5669844  15.020  0.002
2459190.5669844  14.865  0.002
2459190.5669844  17.155  0.007
2459190.5669844  17.479  0.009
2459190.5669844  16.817  0.005
2459190.5669844  17.839  0.014
