2458663.70907999  16.821  0.006
2458663.70907999  15.932  0.003
2458663.70907999  15.160  0.002
2458663.70907999  16.111  0.004
2458663.70907999  16.669  0.006
2458663.70907999  15.628  0.003
2458663.7095144  16.767  0.005
2458663.7095144  15.895  0.003
2458663.7095144  15.129  0.002
2458663.7095144  16.071  0.004
2458663.7095144  16.609  0.006
2458663.7095144  15.584  0.003
2458663.70994901  16.707  0.005
2458663.70994901  15.826  0.003
2458663.70994901  15.082  0.002
2458663.70994901  16.021  0.003
2458663.70994901  16.543  0.005
2458663.70994901  15.516  0.002
2458663.7103833  16.726  0.005
2458663.7103833  15.861  0.003
2458663.7103833  15.106  0.002
2458663.7103833  16.051  0.004
2458663.7103833  16.551  0.005
2458663.7103833  15.558  0.003
2458663.71082139  16.715  0.006
2458663.71082139  15.841  0.003
2458663.71082139  15.083  0.002
2458663.71082139  16.038  0.004
2458663.71082139  16.567  0.006
2458663.71082139  15.554  0.003
2458663.71125568  16.746  0.006
2458663.71125568  15.859  0.003
2458663.71125568  15.108  0.003
2458663.71125568  16.059  0.004
2458663.71125568  16.604  0.006
2458663.71125568  15.572  0.003
2458663.71168984  16.620  0.005
2458663.71168984  15.767  0.003
2458663.71168984  15.015  0.002
2458663.71168984  15.954  0.003
2458663.71168984  16.467  0.005
2458663.71168984  15.448  0.002
2458663.71212391  16.706  0.006
2458663.71212391  15.840  0.003
2458663.71212391  15.080  0.002
2458663.71212391  16.041  0.004
2458663.71212391  16.559  0.006
2458663.71212391  15.536  0.003
2458663.7125583  16.703  0.006
2458663.7125583  15.816  0.003
2458663.7125583  15.094  0.002
2458663.7125583  16.037  0.004
2458663.7125583  16.570  0.006
2458663.7125583  15.540  0.003
2458663.71299247  16.665  0.005
2458663.71299247  15.786  0.003
2458663.71299247  15.056  0.002
2458663.71299247  15.999  0.004
2458663.71299247  16.519  0.006
2458663.71299247  15.484  0.003
2458663.71342675  16.572  0.005
2458663.71342675  15.719  0.003
2458663.71342675  14.975  0.002
2458663.71342675  15.929  0.003
2458663.71342675  16.421  0.005
2458663.71342675  15.391  0.002
2458663.71386079  16.707  0.006
2458663.71386079  15.829  0.003
2458663.71386079  15.074  0.002
2458663.71386079  16.026  0.004
2458663.71386079  16.561  0.006
2458663.71386079  15.530  0.003
2458663.71429601  16.591  0.005
2458663.71429601  15.747  0.003
2458663.71429601  14.999  0.002
2458663.71429601  15.944  0.003
2458663.71429601  16.451  0.005
2458663.71429601  15.428  0.003
2458663.71473017  16.608  0.005
2458663.71473017  15.745  0.003
2458663.71473017  15.001  0.002
2458663.71473017  15.944  0.003
2458663.71473017  16.454  0.005
2458663.71473017  15.430  0.003
2458663.71516433  16.526  0.005
2458663.71516433  15.676  0.003
2458663.71516433  14.915  0.002
2458663.71516433  15.865  0.003
2458663.71516433  16.372  0.005
2458663.71516433  15.363  0.002
2458663.71559862  16.516  0.005
2458663.71559862  15.684  0.003
2458663.71559862  14.922  0.002
2458663.71559862  15.872  0.003
2458663.71559862  16.381  0.005
2458663.71559862  15.370  0.002
2458663.71603301  16.543  0.004
2458663.71603301  15.703  0.003
2458663.71603301  14.962  0.002
2458663.71603301  15.900  0.003
2458663.71603301  16.419  0.005
2458663.71603301  15.395  0.002
2458663.71646742  16.514  0.004
2458663.71646742  15.667  0.003
2458663.71646742  14.919  0.002
2458663.71646742  15.866  0.003
2458663.71646742  16.370  0.004
2458663.71646742  15.357  0.002
2458663.7169018  16.530  0.005
2458663.7169018  15.696  0.003
2458663.7169018  14.949  0.002
2458663.7169018  15.894  0.003
2458663.7169018  16.391  0.004
2458663.7169018  15.373  0.002
2458663.71733735  16.541  0.005
2458663.71733735  15.685  0.003
2458663.71733735  14.937  0.002
2458663.71733735  15.893  0.003
2458663.71733735  16.400  0.005
2458663.71733735  15.377  0.002
2458663.71777199  16.619  0.005
2458663.71777199  15.768  0.003
2458663.71777199  15.013  0.002
2458663.71777199  15.966  0.003
2458663.71777199  16.483  0.005
2458663.71777199  15.462  0.002
2458663.71820881  16.595  0.005
2458663.71820881  15.755  0.003
2458663.71820881  15.021  0.002
2458663.71820881  15.952  0.003
2458663.71820881  16.450  0.005
2458663.71820881  15.435  0.002
2458663.71864286  16.565  0.005
2458663.71864286  15.727  0.003
2458663.71864286  14.978  0.002
2458663.71864286  15.922  0.003
2458663.71864286  16.434  0.005
2458663.71864286  15.417  0.002
2458663.71907715  16.618  0.005
2458663.71907715  15.776  0.003
2458663.71907715  15.026  0.002
2458663.71907715  15.965  0.003
2458663.71907715  16.489  0.005
2458663.71907715  15.481  0.003
2458663.71951166  16.670  0.005
2458663.71951166  15.825  0.003
2458663.71951166  15.069  0.002
2458663.71951166  16.012  0.004
2458663.71951166  16.544  0.005
2458663.71951166  15.509  0.003
2458663.71994619  16.478  0.004
2458663.71994619  15.674  0.003
2458663.71994619  14.917  0.002
2458663.71994619  15.853  0.003
2458663.71994619  16.363  0.004
2458663.71994619  15.354  0.002
2458663.72038047  16.488  0.004
2458663.72038047  15.655  0.003
2458663.72038047  14.910  0.002
2458663.72038047  15.868  0.003
2458663.72038047  16.356  0.004
2458663.72038047  15.345  0.002
2458663.72081463  16.499  0.004
2458663.72081463  15.690  0.003
2458663.72081463  14.944  0.002
2458663.72081463  15.888  0.003
2458663.72081463  16.386  0.005
2458663.72081463  15.365  0.002
2458663.7212497  16.504  0.005
2458663.7212497  15.689  0.003
2458663.7212497  14.927  0.002
2458663.7212497  15.864  0.003
2458663.7212497  16.393  0.005
2458663.7212497  15.368  0.002
2458663.72168389  16.455  0.004
2458663.72168389  15.637  0.003
2458663.72168389  14.884  0.002
2458663.72168389  15.829  0.003
2458663.72168389  16.329  0.004
2458663.72168389  15.317  0.002
2458663.7221184  16.466  0.004
2458663.7221184  15.657  0.003
2458663.7221184  14.902  0.002
2458663.7221184  15.845  0.003
2458663.7221184  16.355  0.005
2458663.7221184  15.335  0.002
2458663.72255303  16.457  0.004
2458663.72255303  15.631  0.003
2458663.72255303  14.886  0.002
2458663.72255303  15.827  0.003
2458663.72255303  16.328  0.004
2458663.72255303  15.317  0.002
2458663.72298731  16.374  0.004
2458663.72298731  15.557  0.002
2458663.72298731  14.809  0.002
2458663.72298731  15.746  0.003
2458663.72298731  16.258  0.004
2458663.72298731  15.242  0.002
2458663.7234216  16.359  0.004
2458663.7234216  15.543  0.002
2458663.7234216  14.792  0.002
2458663.7234216  15.737  0.003
2458663.7234216  16.234  0.004
2458663.7234216  15.228  0.002
2458663.72385587  16.367  0.004
2458663.72385587  15.560  0.002
2458663.72385587  14.805  0.002
2458663.72385587  15.746  0.003
2458663.72385587  16.248  0.004
2458663.72385587  15.239  0.002
2458663.7242905  16.325  0.004
2458663.7242905  15.529  0.002
2458663.7242905  14.776  0.002
2458663.7242905  15.717  0.003
2458663.7242905  16.224  0.004
2458663.7242905  15.205  0.002
2458663.72472547  16.307  0.004
2458663.72472547  15.503  0.002
2458663.72472547  14.748  0.002
2458663.72472547  15.695  0.003
2458663.72472547  16.199  0.004
2458663.72472547  15.188  0.002
2458663.72515964  16.298  0.004
2458663.72515964  15.497  0.002
2458663.72515964  14.746  0.002
2458663.72515964  15.678  0.003
2458663.72515964  16.187  0.004
2458663.72515964  15.177  0.002
2458663.72559391  16.272  0.004
2458663.72559391  15.481  0.002
2458663.72559391  14.724  0.002
2458663.72559391  15.664  0.003
2458663.72559391  16.163  0.004
2458663.72559391  15.152  0.002
2458663.72602935  16.262  0.004
2458663.72602935  15.476  0.002
2458663.72602935  14.721  0.002
2458663.72602935  15.659  0.003
2458663.72602935  16.157  0.004
2458663.72602935  15.150  0.002
2458663.72646399  16.285  0.004
2458663.72646399  15.503  0.002
2458663.72646399  14.741  0.002
2458663.72646399  15.679  0.003
2458663.72646399  16.188  0.004
2458663.72646399  15.178  0.002
2458663.72689804  16.301  0.004
2458663.72689804  15.505  0.002
2458663.72689804  14.747  0.002
2458663.72689804  15.693  0.003
2458663.72689804  16.194  0.004
2458663.72689804  15.181  0.002
2458663.72733243  16.311  0.004
2458663.72733243  15.513  0.002
2458663.72733243  14.765  0.002
2458663.72733243  15.702  0.003
2458663.72733243  16.216  0.004
2458663.72733243  15.198  0.002
2458663.72777135  16.303  0.004
2458663.72777135  15.510  0.002
2458663.72777135  14.761  0.002
2458663.72777135  15.702  0.003
2458663.72777135  16.216  0.004
2458663.72777135  15.203  0.002
2458663.72820563  16.371  0.004
2458663.72820563  15.591  0.003
2458663.72820563  14.827  0.002
2458663.72820563  15.771  0.003
2458663.72820563  16.284  0.005
2458663.72820563  15.269  0.002
2458663.72863979  16.338  0.004
2458663.72863979  15.552  0.002
2458663.72863979  14.802  0.002
2458663.72863979  15.741  0.003
2458663.72863979  16.250  0.004
2458663.72863979  15.235  0.002
2458663.7290742  16.337  0.004
2458663.7290742  15.541  0.002
2458663.7290742  14.782  0.002
2458663.7290742  15.723  0.003
2458663.7290742  16.241  0.004
2458663.7290742  15.225  0.002
2458663.72950987  16.258  0.004
2458663.72950987  15.473  0.002
2458663.72950987  14.724  0.002
2458663.72950987  15.662  0.003
2458663.72950987  16.155  0.004
2458663.72950987  15.150  0.002
2458663.72994415  16.275  0.004
2458663.72994415  15.485  0.002
2458663.72994415  14.735  0.002
2458663.72994415  15.675  0.003
2458663.72994415  16.183  0.004
2458663.72994415  15.172  0.002
2458663.73037946  16.244  0.003
2458663.73037946  15.469  0.002
2458663.73037946  14.714  0.002
2458663.73037946  15.653  0.003
2458663.73037946  16.154  0.004
2458663.73037946  15.150  0.002
2458663.73081352  16.305  0.004
2458663.73081352  15.517  0.002
2458663.73081352  14.766  0.002
2458663.73081352  15.718  0.003
2458663.73081352  16.209  0.004
2458663.73081352  15.199  0.002
2458663.73124803  16.278  0.004
2458663.73124803  15.503  0.002
2458663.73124803  14.741  0.002
2458663.73124803  15.684  0.003
2458663.73124803  16.191  0.004
2458663.73124803  15.178  0.002
2458663.7316821  16.307  0.004
2458663.7316821  15.533  0.002
2458663.7316821  14.779  0.002
2458663.7316821  15.724  0.003
2458663.7316821  16.219  0.004
2458663.7316821  15.208  0.002
2458663.73211647  16.235  0.004
2458663.73211647  15.457  0.002
2458663.73211647  14.706  0.002
2458663.73211647  15.649  0.003
2458663.73211647  16.154  0.004
2458663.73211647  15.142  0.002
2458663.73255112  16.257  0.004
2458663.73255112  15.490  0.002
2458663.73255112  14.736  0.002
2458663.73255112  15.674  0.003
2458663.73255112  16.176  0.004
2458663.73255112  15.168  0.002
2458663.73298563  16.241  0.004
2458663.73298563  15.464  0.002
2458663.73298563  14.709  0.002
2458663.73298563  15.650  0.003
2458663.73298563  16.152  0.003
2458663.73298563  15.144  0.002
2458663.73342083  16.231  0.003
2458663.73342083  15.468  0.002
2458663.73342083  14.713  0.002
2458663.73342083  15.655  0.003
2458663.73342083  16.151  0.004
2458663.73342083  15.140  0.002
2458663.73385511  16.190  0.003
2458663.73385511  15.432  0.002
2458663.73385511  14.680  0.001
2458663.73385511  15.621  0.003
2458663.73385511  16.117  0.003
2458663.73385511  15.106  0.002
2458663.73428985  16.244  0.003
2458663.73428985  15.481  0.002
2458663.73428985  14.722  0.002
2458663.73428985  15.667  0.003
2458663.73428985  16.164  0.004
2458663.73428985  15.155  0.002
2458663.73472413  16.269  0.004
2458663.73472413  15.505  0.002
2458663.73472413  14.752  0.002
2458663.73472413  15.695  0.003
2458663.73472413  16.196  0.004
2458663.73472413  15.187  0.002
2458663.73515935  16.212  0.003
2458663.73515935  15.434  0.002
2458663.73515935  14.688  0.002
2458663.73515935  15.629  0.003
2458663.73515935  16.130  0.003
2458663.73515935  15.138  0.002
2458663.73559339  16.203  0.003
2458663.73559339  15.444  0.002
2458663.73559339  14.681  0.001
2458663.73559339  15.628  0.003
2458663.73559339  16.135  0.003
2458663.73559339  15.117  0.002
2458663.73602746  16.210  0.003
2458663.73602746  15.459  0.002
2458663.73602746  14.706  0.002
2458663.73602746  15.639  0.003
2458663.73602746  16.144  0.004
2458663.73602746  15.128  0.002
2458663.73646183  16.243  0.004
2458663.73646183  15.483  0.002
2458663.73646183  14.732  0.002
2458663.73646183  15.676  0.003
2458663.73646183  16.180  0.004
2458663.73646183  15.158  0.002
2458663.7368973  16.278  0.004
2458663.7368973  15.527  0.002
2458663.7368973  14.776  0.002
2458663.7368973  15.707  0.003
2458663.7368973  16.220  0.004
2458663.7368973  15.209  0.002
2458663.73733157  16.376  0.004
2458663.73733157  15.599  0.002
2458663.73733157  14.852  0.002
2458663.73733157  15.797  0.003
2458663.73733157  16.301  0.004
2458663.73733157  15.283  0.002
2458663.73776632  16.347  0.004
2458663.73776632  15.597  0.002
2458663.73776632  14.844  0.002
2458663.73776632  15.780  0.003
2458663.73776632  16.271  0.004
2458663.73776632  15.268  0.002
2458663.73820059  16.401  0.004
2458663.73820059  15.642  0.003
2458663.73820059  14.881  0.002
2458663.73820059  15.825  0.003
2458663.73820059  16.334  0.004
2458663.73820059  15.322  0.002
2458663.73863476  16.350  0.004
2458663.73863476  15.605  0.002
2458663.73863476  14.858  0.002
2458663.73863476  15.781  0.003
2458663.73863476  16.290  0.004
2458663.73863476  15.274  0.002
2458663.73906893  16.335  0.004
2458663.73906893  15.580  0.002
2458663.73906893  14.834  0.002
2458663.73906893  15.770  0.003
2458663.73906893  16.266  0.004
2458663.73906893  15.263  0.002
2458663.73950344  16.346  0.004
2458663.73950344  15.584  0.002
2458663.73950344  14.833  0.002
2458663.73950344  15.778  0.003
2458663.73950344  16.287  0.004
2458663.73950344  15.268  0.002
2458663.73993749  16.334  0.004
2458663.73993749  15.591  0.002
2458663.73993749  14.834  0.002
2458663.73993749  15.779  0.003
2458663.73993749  16.279  0.004
2458663.73993749  15.266  0.002
2458663.74037177  16.332  0.004
2458663.74037177  15.588  0.002
2458663.74037177  14.837  0.002
2458663.74037177  15.772  0.003
2458663.74037177  16.283  0.004
2458663.74037177  15.266  0.002
2458663.74080605  16.366  0.004
2458663.74080605  15.631  0.003
2458663.74080605  14.871  0.002
2458663.74080605  15.810  0.003
2458663.74080605  16.318  0.004
2458663.74080605  15.293  0.002
2458663.74124069  16.312  0.004
2458663.74124069  15.561  0.002
2458663.74124069  14.811  0.002
2458663.74124069  15.754  0.003
2458663.74124069  16.254  0.004
2458663.74124069  15.240  0.002
2458663.74167507  16.289  0.004
2458663.74167507  15.536  0.002
2458663.74167507  14.786  0.002
2458663.74167507  15.727  0.003
2458663.74167507  16.230  0.004
2458663.74167507  15.207  0.002
2458663.74210935  16.322  0.004
2458663.74210935  15.570  0.002
2458663.74210935  14.819  0.002
2458663.74210935  15.762  0.003
2458663.74210935  16.271  0.004
2458663.74210935  15.249  0.002
2458663.74254364  16.262  0.003
2458663.74254364  15.524  0.002
2458663.74254364  14.768  0.002
2458663.74254364  15.707  0.003
2458663.74254364  16.211  0.004
2458663.74254364  15.199  0.002
2458663.74297803  16.286  0.004
2458663.74297803  15.553  0.002
2458663.74297803  14.789  0.002
2458663.74297803  15.731  0.003
2458663.74297803  16.237  0.004
2458663.74297803  15.227  0.002
2458663.74341256  16.251  0.003
2458663.74341256  15.507  0.002
2458663.74341256  14.752  0.002
2458663.74341256  15.695  0.003
2458663.74341256  16.197  0.004
2458663.74341256  15.183  0.002
2458663.74384696  16.247  0.004
2458663.74384696  15.509  0.002
2458663.74384696  14.758  0.002
2458663.74384696  15.700  0.003
2458663.74384696  16.204  0.004
2458663.74384696  15.190  0.002
2458663.74428112  16.314  0.004
2458663.74428112  15.567  0.002
2458663.74428112  14.815  0.002
2458663.74428112  15.758  0.003
2458663.74428112  16.265  0.004
2458663.74428112  15.243  0.002
2458663.7447161  16.274  0.004
2458663.7447161  15.530  0.002
2458663.7447161  14.775  0.002
2458663.7447161  15.714  0.003
2458663.7447161  16.227  0.004
2458663.7447161  15.208  0.002
2458663.74515038  16.265  0.004
2458663.74515038  15.517  0.002
2458663.74515038  14.754  0.002
2458663.74515038  15.698  0.003
2458663.74515038  16.201  0.004
2458663.74515038  15.191  0.002
2458663.74558524  16.247  0.003
2458663.74558524  15.503  0.002
2458663.74558524  14.751  0.002
2458663.74558524  15.691  0.003
2458663.74558524  16.186  0.004
2458663.74558524  15.172  0.002
2458663.7460194  16.250  0.003
2458663.7460194  15.499  0.002
2458663.7460194  14.741  0.002
2458663.7460194  15.684  0.003
2458663.7460194  16.177  0.004
2458663.7460194  15.168  0.002
2458663.74645368  16.327  0.004
2458663.74645368  15.542  0.002
2458663.74645368  14.786  0.002
2458663.74645368  15.729  0.003
2458663.74645368  16.238  0.004
2458663.74645368  15.222  0.002
2458663.74688785  16.243  0.003
2458663.74688785  15.453  0.002
2458663.74688785  14.697  0.001
2458663.74688785  15.638  0.002
2458663.74688785  16.132  0.003
2458663.74688785  15.126  0.002
2458663.74732248  16.272  0.004
2458663.74732248  15.470  0.002
2458663.74732248  14.711  0.002
2458663.74732248  15.653  0.003
2458663.74732248  16.158  0.003
2458663.74732248  15.147  0.002
2458663.74775653  16.298  0.004
2458663.74775653  15.485  0.002
2458663.74775653  14.731  0.002
2458663.74775653  15.674  0.003
2458663.74775653  16.171  0.004
2458663.74775653  15.164  0.002
2458663.74819094  16.246  0.003
2458663.74819094  15.418  0.002
2458663.74819094  14.660  0.001
2458663.74819094  15.604  0.002
2458663.74819094  16.108  0.003
2458663.74819094  15.093  0.002
2458663.74862555  16.250  0.003
2458663.74862555  15.414  0.002
2458663.74862555  14.659  0.001
2458663.74862555  15.594  0.003
2458663.74862555  16.106  0.003
2458663.74862555  15.092  0.002
2458663.74906146  16.255  0.003
2458663.74906146  15.408  0.002
2458663.74906146  14.648  0.001
2458663.74906146  15.593  0.002
2458663.74906146  16.090  0.003
2458663.74906146  15.083  0.002
2458663.74949575  16.253  0.003
2458663.74949575  15.408  0.002
2458663.74949575  14.653  0.001
2458663.74949575  15.589  0.002
2458663.74949575  16.083  0.003
2458663.74949575  15.079  0.002
2458663.74993002  16.291  0.004
2458663.74993002  15.428  0.002
2458663.74993002  14.681  0.001
2458663.74993002  15.618  0.003
2458663.74993002  16.117  0.003
2458663.74993002  15.104  0.002
2458663.75036407  16.311  0.004
2458663.75036407  15.453  0.002
2458663.75036407  14.697  0.002
2458663.75036407  15.640  0.003
2458663.75036407  16.141  0.004
2458663.75036407  15.131  0.002
2458663.75080253  16.279  0.003
2458663.75080253  15.430  0.002
2458663.75080253  14.668  0.001
2458663.75080253  15.613  0.002
2458663.75080253  16.108  0.003
2458663.75080253  15.101  0.002
2458663.7512367  16.298  0.004
2458663.7512367  15.443  0.002
2458663.7512367  14.681  0.001
2458663.7512367  15.624  0.003
2458663.7512367  16.129  0.004
2458663.7512367  15.118  0.002
2458663.75167085  16.266  0.004
2458663.75167085  15.428  0.002
2458663.75167085  14.667  0.001
2458663.75167085  15.605  0.002
2458663.75167085  16.114  0.003
2458663.75167085  15.099  0.002
2458663.75210512  16.229  0.003
2458663.75210512  15.395  0.002
2458663.75210512  14.641  0.001
2458663.75210512  15.580  0.002
2458663.75210512  16.079  0.003
2458663.75210512  15.074  0.002
2458663.75251302  16.304  0.004
2458663.75251302  15.480  0.003
2458663.75251302  14.729  0.002
2458663.75251302  15.676  0.003
2458663.75251302  16.174  0.005
2458663.75251302  15.161  0.002
2458663.75325567  16.237  0.004
2458663.75325567  15.447  0.003
2458663.75325567  14.689  0.002
2458663.75325567  15.640  0.003
2458663.75325567  16.131  0.004
2458663.75325567  15.122  0.002
2458663.75357442  16.227  0.004
2458663.75357442  15.434  0.003
2458663.75357442  14.685  0.002
2458663.75357442  15.628  0.003
2458663.75357442  16.131  0.004
2458663.75357442  15.116  0.002
2458663.75389273  16.243  0.004
2458663.75389273  15.459  0.003
2458663.75389273  14.705  0.002
2458663.75389273  15.648  0.003
2458663.75389273  16.157  0.004
2458663.75389273  15.140  0.002
2458663.75421208  16.289  0.005
2458663.75421208  15.497  0.003
2458663.75421208  14.743  0.002
2458663.75421208  15.688  0.003
2458663.75421208  16.196  0.005
2458663.75421208  15.182  0.002
2458663.75453143  16.287  0.005
2458663.75453143  15.521  0.003
2458663.75453143  14.766  0.002
2458663.75453143  15.710  0.003
2458663.75453143  16.231  0.005
2458663.75453143  15.205  0.002
2458663.7548503  16.162  0.004
2458663.7548503  15.408  0.003
2458663.7548503  14.651  0.002
2458663.7548503  15.604  0.003
2458663.7548503  16.097  0.004
2458663.7548503  15.087  0.002
2458663.75516872  16.168  0.004
2458663.75516872  15.416  0.003
2458663.75516872  14.659  0.002
2458663.75516872  15.597  0.003
2458663.75516872  16.106  0.004
2458663.75516872  15.087  0.002
2458663.7554943  16.188  0.004
2458663.7554943  15.440  0.003
2458663.7554943  14.681  0.002
2458663.7554943  15.619  0.003
2458663.7554943  16.134  0.004
2458663.7554943  15.111  0.002
2458663.75581273  16.194  0.004
2458663.75581273  15.450  0.003
2458663.75581273  14.695  0.002
2458663.75581273  15.643  0.003
2458663.75581273  16.145  0.004
2458663.75581273  15.127  0.002
2458663.75613198  16.163  0.004
2458663.75613198  15.428  0.003
2458663.75613198  14.681  0.002
2458663.75613198  15.621  0.003
2458663.75613198  16.122  0.004
2458663.75613198  15.105  0.002
2458663.75645074  16.167  0.004
2458663.75645074  15.438  0.003
2458663.75645074  14.679  0.002
2458663.75645074  15.626  0.003
2458663.75645074  16.124  0.004
2458663.75645074  15.116  0.002
2458663.75676961  16.142  0.004
2458663.75676961  15.415  0.003
2458663.75676961  14.658  0.002
2458663.75676961  15.604  0.003
2458663.75676961  16.102  0.004
2458663.75676961  15.093  0.002
2458663.75740681  16.264  0.004
2458663.75740681  15.515  0.003
2458663.75740681  14.763  0.002
2458663.75740681  15.699  0.003
2458663.75740681  16.227  0.005
2458663.75740681  15.197  0.002
2458663.75772512  16.234  0.004
2458663.75772512  15.496  0.003
2458663.75772512  14.737  0.002
2458663.75772512  15.689  0.003
2458663.75772512  16.180  0.004
2458663.75772512  15.174  0.002
2458663.75804539  16.167  0.004
2458663.75804539  15.429  0.003
2458663.75804539  14.674  0.002
2458663.75804539  15.613  0.003
2458663.75804539  16.116  0.004
2458663.75804539  15.104  0.002
2458663.75836402  16.156  0.004
2458663.75836402  15.427  0.003
2458663.75836402  14.672  0.002
2458663.75836402  15.609  0.003
2458663.75836402  16.103  0.004
2458663.75836402  15.096  0.002
2458663.75868442  16.289  0.004
2458663.75868442  15.545  0.003
2458663.75868442  14.786  0.002
2458663.75868442  15.733  0.003
2458663.75868442  16.248  0.005
2458663.75868442  15.221  0.002
2458663.75900293  16.344  0.005
2458663.75900293  15.585  0.003
2458663.75900293  14.832  0.002
2458663.75900293  15.779  0.003
2458663.75900293  16.278  0.005
2458663.75900293  15.267  0.003
2458663.75932135  16.241  0.004
2458663.75932135  15.499  0.003
2458663.75932135  14.747  0.002
2458663.75932135  15.690  0.003
2458663.75932135  16.193  0.004
2458663.75932135  15.180  0.002
2458663.75964002  16.223  0.004
2458663.75964002  15.487  0.003
2458663.75964002  14.724  0.002
2458663.75964002  15.670  0.003
2458663.75964002  16.177  0.004
2458663.75964002  15.156  0.002
2458663.75996053  16.262  0.004
2458663.75996053  15.528  0.003
2458663.75996053  14.765  0.002
2458663.75996053  15.705  0.003
2458663.75996053  16.216  0.004
2458663.75996053  15.198  0.002
2458663.76027976  16.363  0.005
2458663.76027976  15.620  0.003
2458663.76027976  14.867  0.002
2458663.76027976  15.806  0.003
2458663.76027976  16.300  0.005
2458663.76027976  15.291  0.003
2458663.76059827  16.386  0.005
2458663.76059827  15.638  0.003
2458663.76059827  14.883  0.002
2458663.76059827  15.821  0.003
2458663.76059827  16.338  0.005
2458663.76059827  15.323  0.002
2458663.7609167  16.314  0.004
2458663.7609167  15.570  0.003
2458663.7609167  14.820  0.002
2458663.7609167  15.762  0.003
2458663.7609167  16.268  0.004
2458663.7609167  15.256  0.002
2458663.76123548  16.257  0.004
2458663.76123548  15.529  0.003
2458663.76123548  14.775  0.002
2458663.76123548  15.711  0.003
2458663.76123548  16.206  0.004
2458663.76123548  15.194  0.002
2458663.76155492  16.291  0.004
2458663.76155492  15.539  0.003
2458663.76155492  14.737  0.002
2458663.76155492  15.729  0.003
2458663.76155492  16.238  0.004
2458663.76155492  15.216  0.002
2458663.76187334  16.376  0.004
2458663.76187334  15.641  0.003
2458663.76187334  14.885  0.002
2458663.76187334  15.825  0.003
2458663.76187334  16.315  0.004
2458663.76187334  15.307  0.002
2458663.76219236  16.318  0.004
2458663.76219236  15.580  0.003
2458663.76219236  14.832  0.002
2458663.76219236  15.753  0.003
2458663.76219236  16.260  0.004
2458663.76219236  15.251  0.002
2458663.76251228  16.268  0.004
2458663.76251228  15.518  0.003
2458663.76251228  14.765  0.002
2458663.76251228  15.712  0.003
2458663.76251228  16.207  0.004
2458663.76251228  15.196  0.002
2458663.76283094  16.285  0.004
2458663.76283094  15.540  0.003
2458663.76283094  14.774  0.002
2458663.76283094  15.717  0.003
2458663.76283094  16.224  0.004
2458663.76283094  15.206  0.002
2458663.76314924  16.388  0.005
2458663.76314924  15.628  0.003
2458663.76314924  14.876  0.002
2458663.76314924  15.821  0.003
2458663.76314924  16.325  0.005
2458663.76314924  15.315  0.002
2458663.76346788  16.417  0.005
2458663.76346788  15.652  0.003
2458663.76346788  14.900  0.002
2458663.76346788  15.842  0.004
2458663.76346788  16.363  0.005
2458663.76346788  15.335  0.003
2458663.76378663  16.387  0.005
2458663.76378663  15.619  0.003
2458663.76378663  14.861  0.002
2458663.76378663  15.809  0.004
2458663.76378663  16.330  0.005
2458663.76378663  15.301  0.003
2458663.76410565  16.439  0.005
2458663.76410565  15.687  0.003
2458663.76410565  14.931  0.002
2458663.76410565  15.870  0.004
2458663.76410565  16.377  0.005
2458663.76410565  15.356  0.003
2458663.76442407  16.397  0.005
2458663.76442407  15.638  0.003
2458663.76442407  14.896  0.002
2458663.76442407  15.841  0.004
2458663.76442407  16.334  0.005
2458663.76442407  15.328  0.003
2458663.76474327  16.452  0.005
2458663.76474327  15.695  0.003
2458663.76474327  14.937  0.002
2458663.76474327  15.874  0.004
2458663.76474327  16.393  0.005
2458663.76474327  15.372  0.003
2458663.7650617  16.371  0.004
2458663.7650617  15.604  0.003
2458663.7650617  14.852  0.002
2458663.7650617  15.793  0.003
2458663.7650617  16.291  0.005
2458663.7650617  15.278  0.002
2458663.76538024  16.412  0.005
2458663.76538024  15.676  0.003
2458663.76538024  14.932  0.002
2458663.76538024  15.857  0.003
2458663.76538024  16.355  0.005
2458663.76538024  15.335  0.003
2458663.76569879  16.391  0.005
2458663.76569879  15.636  0.003
2458663.76569879  14.887  0.002
2458663.76569879  15.824  0.003
2458663.76569879  16.328  0.005
2458663.76569879  15.302  0.002
2458663.76602183  16.417  0.005
2458663.76602183  15.640  0.003
2458663.76602183  14.890  0.002
2458663.76602183  15.834  0.003
2458663.76602183  16.342  0.005
2458663.76602183  15.332  0.003
2458663.76634034  16.403  0.005
2458663.76634034  15.637  0.003
2458663.76634034  14.874  0.002
2458663.76634034  15.827  0.003
2458663.76634034  16.330  0.005
2458663.76634034  15.312  0.002
2458663.76665901  16.389  0.005
2458663.76665901  15.621  0.003
2458663.76665901  14.872  0.002
2458663.76665901  15.808  0.004
2458663.76665901  16.328  0.005
2458663.76665901  15.298  0.003
2458663.76697743  16.491  0.005
2458663.76697743  15.699  0.003
2458663.76697743  14.942  0.002
2458663.76697743  15.892  0.004
2458663.76697743  16.399  0.005
2458663.76697743  15.398  0.003
2458663.76729979  16.822  0.006
2458663.76729979  16.051  0.004
2458663.76729979  15.327  0.003
2458663.76729979  16.270  0.004
2458663.76729979  16.735  0.006
2458663.76729979  15.725  0.003
2458663.76761798  16.536  0.005
2458663.76761798  15.756  0.003
2458663.76761798  15.016  0.002
2458663.76761798  15.947  0.004
2458663.76761798  16.473  0.005
2458663.76761798  15.455  0.003
2458663.76793709  16.475  0.005
2458663.76793709  15.678  0.003
2458663.76793709  14.933  0.002
2458663.76793709  15.883  0.004
2458663.76793709  16.396  0.005
2458663.76793709  15.365  0.003
2458663.76825643  16.391  0.005
2458663.76825643  15.623  0.003
2458663.76825643  14.862  0.002
2458663.76825643  15.803  0.003
2458663.76825643  16.298  0.005
2458663.76825643  15.292  0.003
2458663.76857554  16.272  0.004
2458663.76857554  15.510  0.003
2458663.76857554  14.759  0.002
2458663.76857554  15.700  0.003
2458663.76857554  16.193  0.004
2458663.76857554  15.184  0.002
2458663.76889385  16.253  0.004
2458663.76889385  15.490  0.003
2458663.76889385  14.733  0.002
2458663.76889385  15.674  0.003
2458663.76889385  16.175  0.004
2458663.76889385  15.158  0.002
2458663.76921284  16.241  0.004
2458663.76921284  15.481  0.003
2458663.76921284  14.722  0.002
2458663.76921284  15.665  0.003
2458663.76921284  16.166  0.004
2458663.76921284  15.157  0.002
2458663.76953162  16.310  0.004
2458663.76953162  15.534  0.003
2458663.76953162  14.776  0.002
2458663.76953162  15.717  0.003
2458663.76953162  16.215  0.004
2458663.76953162  15.207  0.002
2458663.76985073  16.364  0.005
2458663.76985073  15.600  0.003
2458663.76985073  14.841  0.002
2458663.76985073  15.785  0.003
2458663.76985073  16.283  0.005
2458663.76985073  15.272  0.003
2458663.77016925  16.777  0.006
2458663.77016925  16.007  0.004
2458663.77016925  15.255  0.002
2458663.77016925  16.195  0.004
2458663.77016925  16.697  0.006
2458663.77016925  15.677  0.003
2458663.77048803  16.374  0.004
2458663.77048803  15.600  0.003
2458663.77048803  14.847  0.002
2458663.77048803  15.784  0.003
2458663.77048803  16.290  0.004
2458663.77048803  15.281  0.002
2458663.77080714  16.239  0.004
2458663.77080714  15.463  0.003
2458663.77080714  14.704  0.002
2458663.77080714  15.645  0.003
2458663.77080714  16.149  0.004
2458663.77080714  15.133  0.002
2458663.77112592  16.205  0.004
2458663.77112592  15.425  0.003
2458663.77112592  14.665  0.002
2458663.77112592  15.608  0.003
2458663.77112592  16.105  0.004
2458663.77112592  15.102  0.002
2458663.77144455  16.618  0.005
2458663.77144455  15.880  0.003
2458663.77144455  15.135  0.002
2458663.77144455  16.051  0.004
2458663.77144455  16.528  0.005
2458663.77144455  15.530  0.003
2458663.77176286  17.103  0.007
2458663.77176286  16.318  0.004
2458663.77176286  15.582  0.003
2458663.77176286  16.530  0.005
2458663.77176286  17.038  0.007
2458663.77176286  16.006  0.004
2458663.77208164  16.310  0.004
2458663.77208164  15.525  0.003
2458663.77208164  14.767  0.002
2458663.77208164  15.709  0.003
2458663.77208164  16.219  0.004
2458663.77208164  15.197  0.002
2458663.77239995  16.526  0.005
2458663.77239995  15.732  0.003
2458663.77239995  14.977  0.002
2458663.77239995  15.924  0.004
2458663.77239995  16.438  0.005
2458663.77239995  15.411  0.003
2458663.77271825  16.383  0.005
2458663.77271825  15.596  0.003
2458663.77271825  14.833  0.002
2458663.77271825  15.779  0.003
2458663.77271825  16.296  0.005
2458663.77271825  15.277  0.002
2458663.77303656  16.399  0.005
2458663.77303656  15.632  0.003
2458663.77303656  14.873  0.002
2458663.77303656  15.810  0.003
2458663.77303656  16.312  0.005
2458663.77303656  15.296  0.002
2458663.77335498  17.054  0.007
2458663.77335498  16.266  0.004
2458663.77335498  15.487  0.003
2458663.77335498  16.427  0.005
2458663.77335498  16.965  0.008
2458663.77335498  15.945  0.004
2458663.77367373  16.498  0.005
2458663.77367373  15.724  0.003
2458663.77367373  14.958  0.002
2458663.77367373  15.904  0.004
2458663.77367373  16.401  0.005
2458663.77367373  15.393  0.003
2458663.77399249  16.495  0.005
2458663.77399249  15.736  0.003
2458663.77399249  14.972  0.002
2458663.77399249  15.916  0.004
2458663.77399249  16.432  0.005
2458663.77399249  15.406  0.003
2458663.77431139  19.404  0.048
2458663.77431139  18.591  0.025
2458663.77431139  17.884  0.014
2458663.77431139  18.847  0.032
2458663.77431139  19.343  0.048
2458663.77431139  18.305  0.019
2458663.77463038  18.611  0.025
2458663.77463038  17.796  0.013
2458663.77463038  17.049  0.008
2458663.77463038  17.977  0.015
2458663.77463038  18.549  0.024
2458663.77463038  17.486  0.010
2458663.77558506  16.992  0.007
2458663.77558506  16.235  0.004
2458663.77558506  15.476  0.003
2458663.77558506  16.423  0.005
2458663.77558506  16.899  0.007
2458663.77558506  15.892  0.004
2458663.77590405  16.900  0.007
2458663.77590405  16.045  0.004
2458663.77590405  15.309  0.003
2458663.77590405  16.275  0.004
2458663.77590405  16.795  0.007
2458663.77590405  15.769  0.003
2458663.77622363  16.505  0.005
2458663.77622363  15.730  0.003
2458663.77622363  14.981  0.002
2458663.77622363  15.913  0.004
2458663.77622363  16.403  0.005
2458663.77622363  15.389  0.003
2458663.77686033  17.972  0.015
2458663.77686033  17.248  0.009
2458663.77686033  16.472  0.006
2458663.77686033  17.398  0.010
2458663.77686033  17.902  0.015
2458663.77686033  16.901  0.007
2458663.77749835  17.698  0.012
2458663.77749835  16.829  0.007
2458663.77749835  16.106  0.005
2458663.77749835  17.074  0.008
2458663.77749835  17.585  0.012
2458663.77749835  16.543  0.006
2458663.77781722  17.788  0.013
2458663.77781722  16.924  0.007
2458663.77781722  16.188  0.004
2458663.77781722  17.142  0.008
2458663.77781722  17.693  0.012
2458663.77781722  16.644  0.006
2458663.77940898  17.665  0.012
2458663.77940898  16.850  0.007
2458663.77940898  16.065  0.004
2458663.77940898  17.018  0.007
2458663.77940898  17.573  0.012
2458663.77940898  16.548  0.006
2458663.77972809  18.057  0.017
2458663.77972809  17.222  0.009
2458663.77972809  16.493  0.006
2458663.77972809  17.449  0.011
2458663.77972809  17.958  0.016
2458663.77972809  16.890  0.008
2458663.78004652  17.649  0.012
2458663.78004652  16.838  0.007
2458663.78004652  16.047  0.004
2458663.78004652  16.989  0.007
2458663.78004652  17.554  0.011
2458663.78004652  16.523  0.006
2458663.78036482  16.537  0.005
2458663.78036482  15.737  0.003
2458663.78036482  14.967  0.002
2458663.78036482  15.899  0.004
2458663.78036482  16.416  0.005
2458663.78036482  15.395  0.003
2458663.781002  17.884  0.014
2458663.781002  16.999  0.007
2458663.781002  16.242  0.005
2458663.781002  17.212  0.009
2458663.781002  17.771  0.013
2458663.781002  16.721  0.006
2458663.78132078  17.564  0.011
2458663.78132078  16.735  0.006
2458663.78132078  16.028  0.004
2458663.78132078  16.970  0.007
2458663.78132078  17.433  0.011
2458663.78132078  16.426  0.005
2458663.78163897  17.751  0.012
2458663.78163897  16.884  0.006
2458663.78163897  16.101  0.004
2458663.78163897  17.060  0.007
2458663.78163897  17.646  0.012
2458663.78163897  16.610  0.006
2458663.78196872  18.629  0.027
2458663.78196872  17.743  0.013
2458663.78196872  17.057  0.008
2458663.78196872  18.019  0.017
2458663.78196872  18.529  0.025
2458663.78196872  17.368  0.010
2458663.78228738  19.154  0.043
2458663.78228738  18.261  0.020
2458663.78228738  17.566  0.012
2458663.78228738  18.512  0.024
2458663.78228738  19.013  0.037
2458663.78228738  17.936  0.016
2458663.78260557  18.202  0.018
2458663.78260557  17.423  0.010
2458663.78260557  16.629  0.006
2458663.78260557  17.562  0.011
2458663.78260557  18.110  0.017
2458663.78260557  17.103  0.008
2458663.78292468  16.853  0.006
2458663.78292468  16.057  0.004
2458663.78292468  15.325  0.003
2458663.78292468  16.263  0.004
2458663.78292468  16.718  0.006
2458663.78292468  15.704  0.003
2458663.78324298  17.813  0.013
2458663.78324298  16.991  0.007
2458663.78324298  16.273  0.005
2458663.78324298  17.220  0.009
2458663.78324298  17.698  0.012
2458663.78324298  16.677  0.006
2458663.78419939  17.212  0.008
2458663.78419939  16.368  0.005
2458663.78419939  15.581  0.003
2458663.78419939  16.537  0.005
2458663.78419939  17.087  0.008
2458663.78419939  16.077  0.004
2458663.78451805  16.448  0.005
2458663.78451805  15.647  0.003
2458663.78451805  14.893  0.002
2458663.78451805  15.823  0.003
2458663.78451805  16.326  0.005
2458663.78451805  15.309  0.002
2458663.78706828  16.588  0.005
2458663.78706828  15.760  0.003
2458663.78706828  15.001  0.002
2458663.78706828  15.943  0.003
2458663.78706828  16.444  0.005
2458663.78706828  15.440  0.003
2458663.79184828  16.804  0.006
2458663.79184828  15.954  0.004
2458663.79184828  15.185  0.002
2458663.79184828  16.126  0.004
2458663.79184828  16.664  0.006
2458663.79184828  15.634  0.003
2458663.79216718  18.669  0.025
2458663.79216718  17.934  0.014
2458663.79216718  17.235  0.008
2458663.79216718  18.110  0.016
2458663.79216718  18.557  0.023
2458663.79216718  17.551  0.010
2458663.79248614  18.649  0.025
2458663.79248614  17.800  0.013
2458663.79248614  17.111  0.007
2458663.79248614  18.030  0.015
2458663.79248614  18.454  0.022
2458663.79248614  17.448  0.010
2458663.79695213  17.925  0.013
2458663.79695213  17.047  0.007
2458663.79695213  16.315  0.004
2458663.79695213  17.259  0.008
2458663.79695213  17.760  0.012
2458663.79695213  16.761  0.006
2458663.79950561  18.964  0.034
2458663.79950561  18.189  0.018
2458663.79950561  17.426  0.010
2458663.79950561  18.396  0.020
2458663.79950561  18.817  0.030
2458663.79950561  17.857  0.013
2458663.79982773  17.301  0.009
2458663.79982773  16.445  0.005
2458663.79982773  15.714  0.003
2458663.79982773  16.655  0.005
2458663.79982773  17.153  0.008
2458663.79982773  16.128  0.004
2458663.80014627  17.233  0.008
2458663.80014627  16.351  0.005
2458663.80014627  15.609  0.003
2458663.80014627  16.555  0.005
2458663.80014627  17.064  0.008
2458663.80014627  16.037  0.004
2458663.80046494  18.365  0.020
2458663.80046494  17.591  0.010
2458663.80046494  16.822  0.006
2458663.80046494  17.733  0.012
2458663.80046494  18.207  0.018
2458663.80046494  17.217  0.008
2458663.80144843  18.075  0.015
2458663.80144843  17.239  0.008
2458663.80144843  16.496  0.005
2458663.80144843  17.429  0.009
2458663.80144843  17.928  0.014
2458663.80144843  16.909  0.007
2458663.80176695  19.249  0.043
2458663.80176695  18.387  0.021
2458663.80176695  17.652  0.012
2458663.80176695  18.580  0.025
2458663.80176695  18.998  0.035
2458663.80176695  18.055  0.016
2458663.80240612  18.734  0.027
2458663.80240612  17.827  0.013
2458663.80240612  17.124  0.008
2458663.80240612  18.061  0.016
2458663.80240612  18.568  0.024
2458663.80240612  17.518  0.010
2458663.80272455  19.471  0.055
2458663.80272455  18.731  0.027
2458663.80272455  17.941  0.014
2458663.80272455  18.828  0.030
2458663.80272455  19.388  0.050
2458663.80272455  18.352  0.020
2458663.80304297  19.585  0.059
2458663.80304297  18.738  0.028
2458663.80304297  17.997  0.015
2458663.80304297  19.003  0.035
2458663.80304297  19.374  0.048
2458663.80304297  18.471  0.022
2458663.80336184  19.098  0.037
2458663.80336184  18.608  0.025
2458663.80336184  17.897  0.014
2458663.80336184  18.716  0.026
2458663.80336184  18.884  0.031
2458663.80336184  18.002  0.015
2458663.8039989  17.507  0.010
2458663.8039989  16.624  0.005
2458663.8039989  15.900  0.003
2458663.8039989  16.866  0.006
2458663.8039989  17.356  0.009
2458663.8039989  16.325  0.004
2458663.80431849  16.969  0.006
2458663.80431849  16.125  0.004
2458663.80431849  15.385  0.002
2458663.80431849  16.329  0.004
2458663.80431849  16.805  0.006
2458663.80431849  15.793  0.003
2458663.80463679  18.490  0.023
2458663.80463679  17.671  0.011
2458663.80463679  16.894  0.006
2458663.80463679  17.816  0.013
2458663.80463679  18.417  0.021
2458663.80463679  17.368  0.009
2458663.80527397  17.938  0.014
2458663.80527397  17.143  0.008
2458663.80527397  16.351  0.005
2458663.80527397  17.270  0.008
2458663.80527397  17.782  0.013
2458663.80527397  16.777  0.006
2458663.80559215  18.712  0.027
2458663.80559215  17.872  0.014
2458663.80559215  17.146  0.008
2458663.80559215  18.099  0.016
2458663.80559215  18.591  0.024
2458663.80559215  17.544  0.011
2458663.80591174  16.877  0.006
2458663.80591174  15.979  0.004
2458663.80591174  15.229  0.002
2458663.80591174  16.187  0.004
2458663.80591174  16.701  0.006
2458663.80591174  15.670  0.003
2458663.80623005  17.442  0.009
2458663.80623005  16.615  0.005
2458663.80623005  15.868  0.003
2458663.80623005  16.793  0.006
2458663.80623005  17.304  0.009
2458663.80623005  16.268  0.004
2458663.80655273  16.743  0.006
2458663.80655273  15.898  0.003
2458663.80655273  15.135  0.002
2458663.80655273  16.069  0.004
2458663.80655273  16.584  0.005
2458663.80655273  15.565  0.003
2458663.80687152  16.454  0.005
2458663.80687152  15.614  0.003
2458663.80687152  14.842  0.002
2458663.80687152  15.788  0.003
2458663.80687152  16.298  0.004
2458663.80687152  15.289  0.002
2458663.80718982  18.180  0.017
2458663.80718982  17.363  0.009
2458663.80718982  16.680  0.006
2458663.80718982  17.581  0.011
2458663.80718982  17.967  0.015
2458663.80718982  17.002  0.008
2458663.80750881  18.851  0.031
2458663.80750881  18.040  0.016
2458663.80750881  17.288  0.009
2458663.80750881  18.219  0.018
2458663.80750881  18.771  0.029
2458663.80750881  17.696  0.012
2458663.80782712  19.019  0.037
2458663.80782712  18.081  0.017
2458663.80782712  17.350  0.009
2458663.80782712  18.355  0.020
2458663.80782712  18.894  0.033
2458663.80782712  17.865  0.014
2458663.80814566  18.067  0.016
2458663.80814566  17.174  0.008
2458663.80814566  16.470  0.005
2458663.80814566  17.414  0.010
2458663.80814566  17.939  0.015
2458663.80814566  16.874  0.007
2458663.80846465  16.980  0.007
2458663.80846465  16.094  0.004
2458663.80846465  15.355  0.003
2458663.80846465  16.321  0.005
2458663.80846465  16.834  0.007
2458663.80846465  15.789  0.003
2458663.80942118  16.721  0.006
2458663.80942118  15.833  0.003
2458663.80942118  15.076  0.002
2458663.80942118  16.027  0.004
2458663.80942118  16.544  0.005
2458663.80942118  15.522  0.003
2458663.80974029  16.754  0.006
2458663.80974029  15.860  0.003
2458663.80974029  15.123  0.002
2458663.80974029  16.060  0.004
2458663.80974029  16.553  0.005
2458663.80974029  15.537  0.003
2458663.81005883  16.368  0.004
2458663.81005883  15.435  0.002
2458663.81005883  14.685  0.002
2458663.81005883  15.628  0.003
2458663.81005883  16.137  0.004
2458663.81005883  15.114  0.002
2458663.81037866  16.325  0.004
2458663.81037866  15.357  0.002
2458663.81037866  14.602  0.002
2458663.81037866  15.545  0.003
2458663.81037866  16.043  0.004
2458663.81037866  15.030  0.002
2458663.81069705  16.480  0.005
2458663.81069705  15.458  0.003
2458663.81069705  14.699  0.002
2458663.81069705  15.650  0.003
2458663.81069705  16.166  0.005
2458663.81069705  15.142  0.002
2458663.81101583  17.149  0.008
2458663.81101583  16.143  0.004
2458663.81101583  15.391  0.003
2458663.81101583  16.323  0.005
2458663.81101583  16.807  0.006
2458663.81101583  15.799  0.003
2458663.81133518  17.432  0.010
2458663.81133518  16.298  0.005
2458663.81133518  15.548  0.003
2458663.81133518  16.486  0.005
2458663.81133518  17.015  0.008
2458663.81133518  15.970  0.004
2458663.81165381  19.063  0.038
2458663.81165381  17.893  0.014
2458663.81165381  17.190  0.009
2458663.81165381  18.113  0.017
2458663.81165381  18.570  0.024
2458663.81165381  17.530  0.011
2458663.81197281  17.346  0.009
2458663.81197281  16.075  0.004
2458663.81197281  15.326  0.003
2458663.81197281  16.280  0.005
2458663.81197281  16.812  0.006
2458663.81197281  15.772  0.003
2458663.81229135  18.425  0.021
2458663.81229135  17.270  0.009
2458663.81229135  16.513  0.005
2458663.81229135  17.395  0.009
2458663.81229135  17.879  0.014
2458663.81229135  16.873  0.007
2458663.81292832  18.595  0.025
2458663.81292832  17.039  0.007
2458663.81292832  16.280  0.005
2458663.81292832  17.263  0.009
2458663.81292832  17.842  0.013
2458663.81292832  16.791  0.006
2458663.81324799  17.068  0.007
2458663.81324799  15.512  0.003
2458663.81324799  14.759  0.002
2458663.81324799  15.712  0.003
2458663.81324799  16.220  0.005
2458663.81324799  15.190  0.002
2458663.81356746  16.992  0.006
2458663.81356746  15.373  0.002
2458663.81356746  14.613  0.002
2458663.81356746  15.563  0.003
2458663.81356746  16.061  0.004
2458663.81356746  15.049  0.002
2458663.81389352  17.106  0.007
2458663.81389352  15.387  0.002
2458663.81389352  14.635  0.002
2458663.81389352  15.577  0.003
2458663.81389352  16.086  0.004
2458663.81389352  15.062  0.002
2458663.81421286  17.117  0.007
2458663.81421286  15.321  0.002
2458663.81421286  14.566  0.002
2458663.81421286  15.505  0.003
2458663.81421286  16.012  0.004
2458663.81421286  14.995  0.002
2458663.81453105  17.261  0.008
2458663.81453105  15.370  0.002
2458663.81453105  14.615  0.002
2458663.81453105  15.559  0.003
2458663.81453105  16.047  0.004
2458663.81453105  15.043  0.002
2458663.81485028  17.346  0.008
2458663.81485028  15.403  0.002
2458663.81485028  14.641  0.002
2458663.81485028  15.582  0.003
2458663.81485028  16.079  0.004
2458663.81485028  15.070  0.002
2458663.81516963  17.608  0.010
2458663.81516963  15.636  0.003
2458663.81516963  14.889  0.002
2458663.81516963  15.830  0.003
2458663.81516963  16.324  0.004
2458663.81516963  15.308  0.002
2458663.81548817  17.288  0.008
2458663.81548817  15.341  0.002
2458663.81548817  14.588  0.002
2458663.81548817  15.530  0.003
2458663.81548817  16.034  0.004
2458663.81548817  15.018  0.002
2458663.81580704  17.294  0.008
2458663.81580704  15.394  0.002
2458663.81580704  14.629  0.002
2458663.81580704  15.582  0.003
2458663.81580704  16.080  0.004
2458663.81580704  15.069  0.002
2458663.81612571  17.384  0.009
2458663.81612571  15.536  0.003
2458663.81612571  14.782  0.002
2458663.81612571  15.727  0.003
2458663.81612571  16.241  0.005
2458663.81612571  15.216  0.002
2458663.81644398  17.402  0.009
2458663.81644398  15.648  0.003
2458663.81644398  14.891  0.002
2458663.81644398  15.822  0.004
2458663.81644398  16.343  0.005
2458663.81644398  15.328  0.003
2458663.81676241  17.561  0.011
2458663.81676241  15.841  0.004
2458663.81676241  15.077  0.003
2458663.81676241  16.040  0.005
2458663.81676241  16.604  0.008
2458663.81676241  15.544  0.004
2458663.81708107  17.060  0.007
2458663.81708107  15.509  0.003
2458663.81708107  14.755  0.002
2458663.81708107  15.699  0.003
2458663.81708107  16.200  0.004
2458663.81708107  15.186  0.002
2458663.81740262  16.841  0.006
2458663.81740262  15.391  0.002
2458663.81740262  14.630  0.002
2458663.81740262  15.571  0.003
2458663.81740262  16.073  0.004
2458663.81740262  15.063  0.002
2458663.81772114  16.731  0.005
2458663.81772114  15.357  0.002
2458663.81772114  14.601  0.002
2458663.81772114  15.539  0.003
2458663.81772114  16.054  0.004
2458663.81772114  15.030  0.002
2458663.81803944  16.624  0.005
2458663.81803944  15.337  0.002
2458663.81803944  14.577  0.002
2458663.81803944  15.523  0.003
2458663.81803944  16.020  0.004
2458663.81803944  15.009  0.002
2458663.81835775  16.579  0.005
2458663.81835775  15.357  0.002
2458663.81835775  14.599  0.002
2458663.81835775  15.538  0.003
2458663.81835775  16.042  0.004
2458663.81835775  15.026  0.002
2458663.81867665  16.534  0.005
2458663.81867665  15.359  0.002
2458663.81867665  14.597  0.002
2458663.81867665  15.541  0.003
2458663.81867665  16.053  0.004
2458663.81867665  15.031  0.002
2458663.8189954  16.480  0.005
2458663.8189954  15.369  0.003
2458663.8189954  14.612  0.002
2458663.8189954  15.552  0.003
2458663.8189954  16.051  0.004
2458663.8189954  15.045  0.002
2458663.81931371  16.417  0.004
2458663.81931371  15.362  0.002
2458663.81931371  14.601  0.002
2458663.81931371  15.541  0.003
2458663.81931371  16.045  0.004
2458663.81931371  15.034  0.002
2458663.81963189  16.384  0.004
2458663.81963189  15.371  0.002
2458663.81963189  14.613  0.002
2458663.81963189  15.554  0.003
2458663.81963189  16.061  0.004
2458663.81963189  15.044  0.002
2458663.81995008  16.327  0.004
2458663.81995008  15.355  0.002
2458663.81995008  14.597  0.002
2458663.81995008  15.537  0.003
2458663.81995008  16.051  0.004
2458663.81995008  15.027  0.002
2458663.82026826  16.263  0.004
2458663.82026826  15.341  0.002
2458663.82026826  14.583  0.002
2458663.82026826  15.524  0.003
2458663.82026826  16.024  0.004
2458663.82026826  15.010  0.002
2458663.82059339  16.258  0.004
2458663.82059339  15.356  0.002
2458663.82059339  14.600  0.002
2458663.82059339  15.544  0.003
2458663.82059339  16.044  0.004
2458663.82059339  15.030  0.002
2458663.82091206  16.273  0.004
2458663.82091206  15.401  0.003
2458663.82091206  14.644  0.002
2458663.82091206  15.581  0.003
2458663.82091206  16.085  0.004
2458663.82091206  15.072  0.002
2458663.8212306  16.293  0.004
2458663.8212306  15.423  0.003
2458663.8212306  14.670  0.002
2458663.8212306  15.610  0.003
2458663.8212306  16.115  0.004
2458663.8212306  15.104  0.002
2458663.82155144  16.324  0.004
2458663.82155144  15.454  0.003
2458663.82155144  14.705  0.002
2458663.82155144  15.649  0.003
2458663.82155144  16.166  0.005
2458663.82155144  15.138  0.002
2458663.82187147  16.241  0.004
2458663.82187147  15.376  0.003
2458663.82187147  14.630  0.002
2458663.82187147  15.573  0.003
2458663.82187147  16.083  0.004
2458663.82187147  15.066  0.002
2458663.82218966  16.232  0.004
2458663.82218966  15.378  0.002
2458663.82218966  14.621  0.002
2458663.82218966  15.573  0.003
2458663.82218966  16.066  0.004
2458663.82218966  15.054  0.002
2458663.82250796  16.263  0.004
2458663.82250796  15.400  0.003
2458663.82250796  14.646  0.002
2458663.82250796  15.583  0.003
2458663.82250796  16.092  0.004
2458663.82250796  15.071  0.002
2458663.82282615  16.251  0.004
2458663.82282615  15.400  0.003
2458663.82282615  14.639  0.002
2458663.82282615  15.574  0.003
2458663.82282615  16.088  0.004
2458663.82282615  15.070  0.002
2458663.82314469  16.191  0.004
2458663.82314469  15.336  0.002
2458663.82314469  14.582  0.002
2458663.82314469  15.524  0.003
2458663.82314469  16.026  0.004
2458663.82314469  15.012  0.002
2458663.82346324  16.205  0.004
2458663.82346324  15.360  0.002
2458663.82346324  14.604  0.002
2458663.82346324  15.543  0.003
2458663.82346324  16.054  0.004
2458663.82346324  15.033  0.002
2458663.82378175  16.239  0.004
2458663.82378175  15.393  0.002
2458663.82378175  14.631  0.002
2458663.82378175  15.569  0.003
2458663.82378175  16.072  0.004
2458663.82378175  15.061  0.002
2458663.82410077  16.197  0.004
2458663.82410077  15.351  0.002
2458663.82410077  14.593  0.002
2458663.82410077  15.534  0.003
2458663.82410077  16.026  0.004
2458663.82410077  15.015  0.002
2458663.82441932  16.200  0.004
2458663.82441932  15.352  0.002
2458663.82441932  14.595  0.002
2458663.82441932  15.538  0.003
2458663.82441932  16.041  0.004
2458663.82441932  15.026  0.002
2458663.82473771  16.199  0.004
2458663.82473771  15.342  0.002
2458663.82473771  14.587  0.002
2458663.82473771  15.529  0.003
2458663.82473771  16.028  0.003
2458663.82473771  15.014  0.002
2458663.82505754  16.200  0.004
2458663.82505754  15.361  0.002
2458663.82505754  14.601  0.002
2458663.82505754  15.539  0.003
2458663.82505754  16.038  0.004
2458663.82505754  15.023  0.002
2458663.82537641  16.237  0.004
2458663.82537641  15.394  0.002
2458663.82537641  14.634  0.002
2458663.82537641  15.573  0.003
2458663.82537641  16.069  0.004
2458663.82537641  15.053  0.002
2458663.82569504  16.299  0.004
2458663.82569504  15.466  0.003
2458663.82569504  14.713  0.002
2458663.82569504  15.647  0.003
2458663.82569504  16.147  0.004
2458663.82569504  15.131  0.002
2458663.82601418  16.426  0.005
2458663.82601418  15.571  0.003
2458663.82601418  14.813  0.002
2458663.82601418  15.754  0.003
2458663.82601418  16.264  0.004
2458663.82601418  15.243  0.002
2458663.82633273  16.378  0.004
2458663.82633273  15.529  0.003
2458663.82633273  14.775  0.002
2458663.82633273  15.725  0.003
2458663.82633273  16.216  0.004
2458663.82633273  15.205  0.002
2458663.82665124  16.481  0.005
2458663.82665124  15.633  0.003
2458663.82665124  14.873  0.002
2458663.82665124  15.813  0.003
2458663.82665124  16.316  0.004
2458663.82665124  15.307  0.002
2458663.82697047  16.568  0.005
2458663.82697047  15.696  0.003
2458663.82697047  14.933  0.002
2458663.82697047  15.883  0.004
2458663.82697047  16.402  0.005
2458663.82697047  15.379  0.003
2458663.82728877  16.386  0.004
2458663.82728877  15.518  0.003
2458663.82728877  14.767  0.002
2458663.82728877  15.708  0.003
2458663.82728877  16.212  0.004
2458663.82728877  15.195  0.002
2458663.82760756  16.300  0.004
2458663.82760756  15.454  0.003
2458663.82760756  14.696  0.002
2458663.82760756  15.641  0.003
2458663.82760756  16.139  0.004
2458663.82760756  15.123  0.002
2458663.82792598  16.320  0.004
2458663.82792598  15.464  0.003
2458663.82792598  14.706  0.002
2458663.82792598  15.649  0.003
2458663.82792598  16.164  0.004
2458663.82792598  15.145  0.002
2458663.82825108  16.234  0.004
2458663.82825108  15.387  0.002
2458663.82825108  14.628  0.002
2458663.82825108  15.570  0.003
2458663.82825108  16.082  0.004
2458663.82825108  15.059  0.002
2458663.82856939  16.204  0.004
2458663.82856939  15.359  0.002
2458663.82856939  14.600  0.002
2458663.82856939  15.544  0.003
2458663.82856939  16.049  0.004
2458663.82856939  15.031  0.002
2458663.82888805  16.187  0.004
2458663.82888805  15.339  0.002
2458663.82888805  14.579  0.002
2458663.82888805  15.520  0.003
2458663.82888805  16.022  0.004
2458663.82888805  15.008  0.002
2458663.82920692  16.199  0.004
2458663.82920692  15.360  0.002
2458663.82920692  14.599  0.002
2458663.82920692  15.547  0.003
2458663.82920692  16.038  0.004
2458663.82920692  15.027  0.002
2458663.82952591  16.202  0.004
2458663.82952591  15.358  0.002
2458663.82952591  14.595  0.002
2458663.82952591  15.543  0.003
2458663.82952591  16.039  0.004
2458663.82952591  15.032  0.002
2458663.82984434  16.182  0.004
2458663.82984434  15.335  0.002
2458663.82984434  14.583  0.002
2458663.82984434  15.525  0.003
2458663.82984434  16.019  0.004
2458663.82984434  15.008  0.002
2458663.83016276  16.187  0.004
2458663.83016276  15.339  0.002
2458663.83016276  14.584  0.002
2458663.83016276  15.532  0.003
2458663.83016276  16.023  0.004
2458663.83016276  15.007  0.002
2458663.83048107  16.180  0.004
2458663.83048107  15.336  0.002
2458663.83048107  14.581  0.002
2458663.83048107  15.525  0.003
2458663.83048107  16.028  0.004
2458663.83048107  15.008  0.002
2458663.83079949  16.206  0.004
2458663.83079949  15.358  0.002
2458663.83079949  14.601  0.002
2458663.83079949  15.540  0.003
2458663.83079949  16.044  0.004
2458663.83079949  15.030  0.002
2458663.83111803  16.196  0.004
2458663.83111803  15.345  0.002
2458663.83111803  14.589  0.002
2458663.83111803  15.532  0.003
2458663.83111803  16.028  0.004
2458663.83111803  15.017  0.002
2458663.83143634  16.167  0.004
2458663.83143634  15.338  0.002
2458663.83143634  14.580  0.002
2458663.83143634  15.520  0.003
2458663.83143634  16.015  0.004
2458663.83143634  15.004  0.002
2458663.83175509  16.206  0.004
2458663.83175509  15.370  0.002
2458663.83175509  14.611  0.002
2458663.83175509  15.556  0.003
2458663.83175509  16.057  0.004
2458663.83175509  15.039  0.002
2458663.83207384  16.272  0.004
2458663.83207384  15.422  0.003
2458663.83207384  14.668  0.002
2458663.83207384  15.605  0.003
2458663.83207384  16.104  0.004
2458663.83207384  15.100  0.002
2458663.83239203  16.231  0.004
2458663.83239203  15.383  0.002
2458663.83239203  14.634  0.002
2458663.83239203  15.574  0.003
2458663.83239203  16.080  0.004
2458663.83239203  15.060  0.002
2458663.83271141  16.267  0.004
2458663.83271141  15.421  0.003
2458663.83271141  14.670  0.002
2458663.83271141  15.605  0.003
2458663.83271141  16.122  0.004
2458663.83271141  15.101  0.002
2458663.83303028  16.238  0.004
2458663.83303028  15.398  0.003
2458663.83303028  14.636  0.002
2458663.83303028  15.584  0.003
2458663.83303028  16.080  0.004
2458663.83303028  15.067  0.002
2458663.83335621  16.227  0.004
2458663.83335621  15.386  0.002
2458663.83335621  14.627  0.002
2458663.83335621  15.571  0.003
2458663.83335621  16.075  0.004
2458663.83335621  15.055  0.002
2458663.83367497  16.208  0.004
2458663.83367497  15.367  0.002
2458663.83367497  14.607  0.002
2458663.83367497  15.556  0.003
2458663.83367497  16.057  0.004
2458663.83367497  15.038  0.002
2458663.83399375  16.182  0.004
2458663.83399375  15.346  0.002
2458663.83399375  14.591  0.002
2458663.83399375  15.532  0.003
2458663.83399375  16.025  0.004
2458663.83399375  15.013  0.002
2458663.83431241  16.146  0.004
2458663.83431241  15.312  0.002
2458663.83431241  14.554  0.002
2458663.83431241  15.494  0.003
2458663.83431241  15.997  0.004
2458663.83431241  14.980  0.002
2458663.83463084  16.150  0.004
2458663.83463084  15.313  0.002
2458663.83463084  14.555  0.002
2458663.83463084  15.496  0.003
2458663.83463084  15.990  0.003
2458663.83463084  14.984  0.002
2458663.83494926  16.140  0.004
2458663.83494926  15.308  0.002
2458663.83494926  14.551  0.002
2458663.83494926  15.486  0.003
2458663.83494926  15.983  0.003
2458663.83494926  14.971  0.002
2458663.8352678  16.185  0.004
2458663.8352678  15.353  0.002
2458663.8352678  14.588  0.002
2458663.8352678  15.532  0.003
2458663.8352678  16.034  0.004
2458663.8352678  15.016  0.002
2458663.83558617  16.201  0.004
2458663.83558617  15.366  0.002
2458663.83558617  14.607  0.002
2458663.83558617  15.555  0.003
2458663.83558617  16.051  0.004
2458663.83558617  15.041  0.002
2458663.83590448  16.248  0.004
2458663.83590448  15.408  0.003
2458663.83590448  14.654  0.002
2458663.83590448  15.598  0.003
2458663.83590448  16.098  0.004
2458663.83590448  15.085  0.002
2458663.8362229  16.215  0.004
2458663.8362229  15.383  0.002
2458663.8362229  14.625  0.002
2458663.8362229  15.565  0.003
2458663.8362229  16.068  0.004
2458663.8362229  15.050  0.002
2458663.83654192  16.224  0.004
2458663.83654192  15.386  0.003
2458663.83654192  14.633  0.002
2458663.83654192  15.566  0.003
2458663.83654192  16.068  0.004
2458663.83654192  15.058  0.002
2458663.83686207  16.205  0.004
2458663.83686207  15.375  0.002
2458663.83686207  14.618  0.002
2458663.83686207  15.558  0.003
2458663.83686207  16.063  0.004
2458663.83686207  15.048  0.002
2458663.83718121  17.956  0.009
2458663.83718121  17.128  0.005
2458663.83718121  16.374  0.004
2458663.83718121  17.304  0.006
2458663.83718121  17.807  0.008
2458663.83718121  16.795  0.004
