2458073.80880314  19.894  0.066
2458073.80880314  19.395  0.042
2458073.80880314  20.099  0.078
2458073.80880314  19.961  0.070
2458073.80880314  16.141  0.003
2458073.80880314  17.235  0.007
2458073.81087513  19.886  0.056
2458073.81087513  19.427  0.035
2458073.81087513  20.165  0.073
2458073.81087513  19.845  0.053
2458073.81087513  16.145  0.003
2458073.81087513  17.251  0.006
2458073.81363  19.881  0.059
2458073.81363  19.411  0.041
2458073.81363  20.009  0.072
2458073.81363  19.861  0.058
2458073.81363  16.100  0.003
2458073.81363  17.197  0.007
2458073.81397723  19.681  0.054
2458073.81397723  19.351  0.039
2458073.81397723  19.906  0.063
2458073.81397723  19.848  0.062
2458073.81397723  16.056  0.003
2458073.81397723  17.171  0.006
2458073.81432449  19.815  0.058
2458073.81432449  19.370  0.038
2458073.81432449  20.057  0.072
2458073.81432449  19.765  0.055
2458073.81432449  16.085  0.003
2458073.81432449  17.181  0.007
2458073.81467175  19.719  0.053
2458073.81467175  19.395  0.038
2458073.81467175  20.027  0.069
2458073.81467175  19.821  0.057
2458073.81467175  16.074  0.003
2458073.81467175  17.166  0.006
2458073.81501901  19.732  0.052
2458073.81501901  19.390  0.039
2458073.81501901  20.055  0.071
2458073.81501901  19.821  0.057
2458073.81501901  16.060  0.003
2458073.81501901  17.173  0.006
2458073.81536627  19.808  0.056
2458073.81536627  19.306  0.036
2458073.81536627  19.963  0.066
2458073.81536627  19.722  0.054
2458073.81536627  16.079  0.003
2458073.81536627  17.183  0.006
2458073.81571349  19.702  0.052
2458073.81571349  19.298  0.035
2458073.81571349  19.918  0.064
2458073.81571349  19.765  0.054
2458073.81571349  16.055  0.003
2458073.81571349  17.152  0.006
2458073.81606075  19.842  0.059
2458073.81606075  19.389  0.039
2458073.81606075  20.102  0.075
2458073.81606075  19.781  0.057
2458073.81606075  16.096  0.003
2458073.81606075  17.187  0.006
2458073.81640801  19.912  0.062
2458073.81640801  19.390  0.039
2458073.81640801  20.049  0.070
2458073.81640801  19.957  0.066
2458073.81640801  16.122  0.003
2458073.81640801  17.218  0.006
2458073.81675527  19.796  0.055
2458073.81675527  19.362  0.037
2458073.81675527  20.000  0.066
2458073.81675527  19.902  0.061
2458073.81675527  16.089  0.003
2458073.81675527  17.196  0.006
2458073.81710253  19.791  0.055
2458073.81710253  19.324  0.036
2458073.81710253  20.047  0.069
2458073.81710253  19.878  0.059
2458073.81710253  16.079  0.003
2458073.81710253  17.174  0.006
2458073.81744978  19.814  0.057
2458073.81744978  19.434  0.040
2458073.81744978  19.929  0.061
2458073.81744978  19.902  0.060
2458073.81744978  16.083  0.003
2458073.81744978  17.178  0.006
2458073.81779704  19.830  0.054
2458073.81779704  19.412  0.037
2458073.81779704  20.025  0.066
2458073.81779704  19.817  0.056
2458073.81779704  16.091  0.003
2458073.81779704  17.200  0.006
2458073.81814427  19.814  0.056
2458073.81814427  19.358  0.037
2458073.81814427  19.993  0.066
2458073.81814427  19.865  0.056
2458073.81814427  16.097  0.003
2458073.81814427  17.202  0.006
2458073.81849153  19.811  0.056
2458073.81849153  19.372  0.038
2458073.81849153  19.986  0.064
2458073.81849153  19.819  0.056
2458073.81849153  16.087  0.003
2458073.81849153  17.188  0.006
2458073.81883879  19.681  0.047
2458073.81883879  19.338  0.037
2458073.81883879  19.847  0.058
2458073.81883879  19.823  0.055
2458073.81883879  16.087  0.003
2458073.81883879  17.185  0.006
2458073.81918604  19.829  0.055
2458073.81918604  19.338  0.036
2458073.81918604  19.928  0.066
2458073.81918604  19.905  0.062
2458073.81918604  16.112  0.003
2458073.81918604  17.227  0.006
2458073.8195333  19.939  0.061
2458073.8195333  19.443  0.039
2458073.8195333  20.004  0.065
2458073.8195333  19.904  0.058
2458073.8195333  16.105  0.003
2458073.8195333  17.211  0.006
2458073.81988053  19.832  0.054
2458073.81988053  19.390  0.038
2458073.81988053  19.882  0.058
2458073.81988053  19.867  0.058
2458073.81988053  16.089  0.003
2458073.81988053  17.192  0.006
2458073.82022782  19.876  0.060
2458073.82022782  19.427  0.039
2458073.82022782  20.021  0.067
2458073.82022782  19.999  0.067
2458073.82022782  16.104  0.003
2458073.82022782  17.221  0.006
2458073.82057505  19.971  0.062
2458073.82057505  19.441  0.040
2458073.82057505  20.057  0.067
2458073.82057505  19.918  0.058
2458073.82057505  16.133  0.003
2458073.82057505  17.238  0.006
2458073.82092231  19.875  0.056
2458073.82092231  19.318  0.036
2458073.82092231  20.028  0.067
2458073.82092231  19.866  0.056
2458073.82092231  16.107  0.003
2458073.82092231  17.205  0.006
2458073.82126956  19.800  0.054
2458073.82126956  19.372  0.036
2458073.82126956  19.908  0.056
2458073.82126956  19.777  0.051
2458073.82126956  16.097  0.003
2458073.82126956  17.206  0.006
2458073.82161682  19.973  0.063
2458073.82161682  19.379  0.036
2458073.82161682  20.202  0.076
2458073.82161682  19.754  0.051
2458073.82161682  16.103  0.003
2458073.82161682  17.224  0.006
2458073.82196408  19.833  0.057
2458073.82196408  19.354  0.036
2458073.82196408  20.009  0.065
2458073.82196408  20.010  0.061
2458073.82196408  16.091  0.003
2458073.82196408  17.199  0.006
2458073.82231131  19.729  0.050
2458073.82231131  19.289  0.033
2458073.82231131  19.920  0.059
2458073.82231131  19.888  0.057
2458073.82231131  16.063  0.003
2458073.82231131  17.176  0.006
2458073.8226586  19.737  0.049
2458073.8226586  19.352  0.036
2458073.8226586  19.845  0.057
2458073.8226586  19.782  0.050
2458073.8226586  16.065  0.003
2458073.8226586  17.177  0.006
2458073.82300582  19.885  0.053
2458073.82300582  19.347  0.034
2458073.82300582  19.918  0.060
2458073.82300582  19.785  0.050
2458073.82300582  16.086  0.003
2458073.82300582  17.201  0.006
2458073.82335308  19.901  0.061
2458073.82335308  19.448  0.039
2458073.82335308  20.074  0.070
2458073.82335308  19.912  0.054
2458073.82335308  16.159  0.003
2458073.82335308  17.258  0.006
2458073.82370034  19.849  0.055
2458073.82370034  19.425  0.037
2458073.82370034  20.054  0.068
2458073.82370034  19.885  0.056
2458073.82370034  16.136  0.003
2458073.82370034  17.259  0.006
2458073.8240476  19.843  0.053
2458073.8240476  19.402  0.037
2458073.8240476  20.034  0.068
2458073.8240476  19.854  0.053
2458073.8240476  16.099  0.003
2458073.8240476  17.210  0.006
2458073.82439486  19.775  0.050
2458073.82439486  19.460  0.039
2458073.82439486  20.067  0.068
2458073.82439486  19.926  0.059
2458073.82439486  16.122  0.003
2458073.82439486  17.236  0.006
2458073.82474209  19.883  0.058
2458073.82474209  19.426  0.038
2458073.82474209  20.041  0.066
2458073.82474209  19.863  0.056
2458073.82474209  16.110  0.003
2458073.82474209  17.221  0.006
2458073.82508934  19.748  0.050
2458073.82508934  19.373  0.037
2458073.82508934  20.096  0.069
2458073.82508934  19.800  0.051
2458073.82508934  16.087  0.003
2458073.82508934  17.209  0.006
2458073.8254366  19.777  0.050
2458073.8254366  19.338  0.034
2458073.8254366  20.001  0.059
2458073.8254366  19.910  0.057
2458073.8254366  16.091  0.003
2458073.8254366  17.218  0.006
2458073.82578386  19.925  0.057
2458073.82578386  19.396  0.035
2458073.82578386  20.033  0.065
2458073.82578386  19.759  0.047
2458073.82578386  16.100  0.003
2458073.82578386  17.209  0.006
2458073.82613112  19.924  0.057
2458073.82613112  19.387  0.036
2458073.82613112  20.030  0.064
2458073.82613112  19.914  0.056
2458073.82613112  16.144  0.003
2458073.82613112  17.258  0.006
2458073.82647835  19.901  0.056
2458073.82647835  19.458  0.039
2458073.82647835  19.997  0.061
2458073.82647835  19.969  0.058
2458073.82647835  16.140  0.003
2458073.82647835  17.248  0.006
2458073.82682563  19.821  0.052
2458073.82682563  19.441  0.038
2458073.82682563  20.105  0.069
2458073.82682563  19.808  0.050
2458073.82682563  16.121  0.003
2458073.82682563  17.222  0.006
2458073.82717286  19.799  0.052
2458073.82717286  19.427  0.036
2458073.82717286  19.996  0.059
2458073.82717286  19.846  0.052
2458073.82717286  16.106  0.003
2458073.82717286  17.206  0.006
2458073.82752012  19.745  0.048
2458073.82752012  19.314  0.033
2458073.82752012  19.944  0.059
2458073.82752012  19.895  0.057
2458073.82752012  16.091  0.003
2458073.82752012  17.192  0.006
2458073.82786738  19.838  0.052
2458073.82786738  19.467  0.038
2458073.82786738  19.970  0.058
2458073.82786738  19.759  0.049
2458073.82786738  16.082  0.003
2458073.82786738  17.205  0.006
2458073.82821464  19.921  0.056
2458073.82821464  19.400  0.036
2458073.82821464  20.023  0.062
2458073.82821464  19.929  0.058
2458073.82821464  16.071  0.003
2458073.82821464  17.195  0.006
2458073.82856189  19.756  0.049
2458073.82856189  19.359  0.034
2458073.82856189  19.814  0.053
2458073.82856189  19.846  0.051
2458073.82856189  16.076  0.003
2458073.82856189  17.194  0.006
2458073.82890912  19.842  0.051
2458073.82890912  19.384  0.034
2458073.82890912  20.015  0.064
2458073.82890912  19.828  0.050
2458073.82890912  16.087  0.003
2458073.82890912  17.199  0.006
2458073.82925641  19.766  0.047
2458073.82925641  19.346  0.034
2458073.82925641  19.911  0.057
2458073.82925641  19.840  0.052
2458073.82925641  16.060  0.003
2458073.82925641  17.172  0.006
2458073.82960364  19.697  0.043
2458073.82960364  19.439  0.036
2458073.82960364  19.947  0.059
2458073.82960364  19.854  0.052
2458073.82960364  16.082  0.003
2458073.82960364  17.187  0.006
2458073.8299509  19.793  0.050
2458073.8299509  19.436  0.036
2458073.8299509  19.951  0.058
2458073.8299509  19.843  0.052
2458073.8299509  16.097  0.003
2458073.8299509  17.220  0.006
2458073.83029816  19.856  0.051
2458073.83029816  19.452  0.037
2458073.83029816  19.985  0.060
2458073.83029816  19.862  0.051
2458073.83029816  16.111  0.003
2458073.83029816  17.212  0.006
2458073.83064541  19.757  0.047
2458073.83064541  19.335  0.033
2458073.83064541  20.017  0.062
2458073.83064541  19.810  0.050
2458073.83064541  16.069  0.003
2458073.83064541  17.187  0.006
2458073.83099267  19.793  0.051
2458073.83099267  19.403  0.036
2458073.83099267  20.000  0.058
2458073.83099267  19.715  0.047
2458073.83099267  16.074  0.003
2458073.83099267  17.177  0.006
2458073.8313399  20.069  0.065
2458073.8313399  19.367  0.036
2458073.8313399  20.007  0.057
2458073.8313399  19.832  0.051
2458073.8313399  16.052  0.003
2458073.8313399  17.158  0.006
2458073.83168716  19.888  0.052
2458073.83168716  19.381  0.034
2458073.83168716  20.039  0.062
2458073.83168716  19.789  0.048
2458073.83168716  16.070  0.003
2458073.83168716  17.183  0.006
2458073.83203442  19.795  0.048
2458073.83203442  19.335  0.033
2458073.83203442  19.897  0.054
2458073.83203442  19.748  0.045
2458073.83203442  16.046  0.003
2458073.83203442  17.166  0.006
2458073.83238167  19.846  0.050
2458073.83238167  19.438  0.035
2458073.83238167  20.087  0.064
2458073.83238167  19.858  0.051
2458073.83238167  16.094  0.003
2458073.83238167  17.200  0.006
2458073.83272893  19.820  0.050
2458073.83272893  19.379  0.035
2458073.83272893  20.015  0.060
2458073.83272893  19.923  0.054
2458073.83272893  16.077  0.003
2458073.83272893  17.200  0.006
2458073.83307619  19.807  0.049
2458073.83307619  19.379  0.035
2458073.83307619  19.959  0.055
2458073.83307619  19.844  0.051
2458073.83307619  16.083  0.003
2458073.83307619  17.188  0.006
2458073.83342345  19.764  0.046
2458073.83342345  19.437  0.036
2458073.83342345  19.951  0.057
2458073.83342345  19.875  0.052
2458073.83342345  16.091  0.003
2458073.83342345  17.207  0.006
2458073.83377068  19.905  0.055
2458073.83377068  19.396  0.034
2458073.83377068  19.969  0.060
2458073.83377068  19.894  0.052
2458073.83377068  16.082  0.003
2458073.83377068  17.202  0.006
2458073.83411793  19.851  0.052
2458073.83411793  19.377  0.035
2458073.83411793  19.989  0.058
2458073.83411793  19.868  0.051
2458073.83411793  16.063  0.003
2458073.83411793  17.199  0.006
2458073.83446519  19.779  0.049
2458073.83446519  19.395  0.034
2458073.83446519  19.904  0.055
2458073.83446519  19.769  0.048
2458073.83446519  16.052  0.003
2458073.83446519  17.173  0.006
2458073.83481245  19.772  0.048
2458073.83481245  19.395  0.034
2458073.83481245  19.920  0.057
2458073.83481245  19.732  0.045
2458073.83481245  16.059  0.003
2458073.83481245  17.188  0.006
2458073.83515971  19.822  0.049
2458073.83515971  19.378  0.033
2458073.83515971  19.878  0.052
2458073.83515971  19.804  0.050
2458073.83515971  16.069  0.003
2458073.83515971  17.187  0.006
2458073.83550694  19.830  0.051
2458073.83550694  19.435  0.035
2458073.83550694  19.923  0.054
2458073.83550694  19.855  0.052
2458073.83550694  16.089  0.003
2458073.83550694  17.212  0.006
2458073.8358542  19.803  0.046
2458073.8358542  19.370  0.034
2458073.8358542  19.950  0.055
2458073.8358542  19.913  0.054
2458073.8358542  16.088  0.003
2458073.8358542  17.199  0.006
2458073.83620145  19.696  0.044
2458073.83620145  19.330  0.033
2458073.83620145  20.060  0.063
2458073.83620145  19.842  0.051
2458073.83620145  16.067  0.003
2458073.83620145  17.171  0.006
2458073.83654874  19.770  0.047
2458073.83654874  19.395  0.035
2458073.83654874  19.987  0.059
2458073.83654874  19.913  0.052
2458073.83654874  16.078  0.003
2458073.83654874  17.191  0.006
2458073.83689597  19.847  0.051
2458073.83689597  19.337  0.032
2458073.83689597  20.041  0.060
2458073.83689597  19.881  0.054
2458073.83689597  16.054  0.003
2458073.83689597  17.167  0.006
2458073.83724323  19.824  0.047
2458073.83724323  19.394  0.034
2458073.83724323  20.039  0.060
2458073.83724323  19.898  0.052
2458073.83724323  16.092  0.003
2458073.83724323  17.197  0.006
2458073.83759049  19.817  0.048
2458073.83759049  19.434  0.035
2458073.83759049  20.055  0.061
2458073.83759049  19.897  0.052
2458073.83759049  16.166  0.003
2458073.83759049  17.277  0.006
2458073.83793772  19.840  0.049
2458073.83793772  19.445  0.035
2458073.83793772  20.060  0.062
2458073.83793772  19.849  0.049
2458073.83793772  16.164  0.003
2458073.83793772  17.280  0.006
2458073.83828497  19.812  0.050
2458073.83828497  19.340  0.031
2458073.83828497  20.087  0.063
2458073.83828497  19.973  0.055
2458073.83828497  16.131  0.003
2458073.83828497  17.261  0.006
2458073.83863223  19.884  0.050
2458073.83863223  19.466  0.037
2458073.83863223  20.202  0.069
2458073.83863223  19.948  0.053
2458073.83863223  16.156  0.003
2458073.83863223  17.273  0.006
2458073.83897952  19.927  0.053
2458073.83897952  19.439  0.034
2458073.83897952  19.969  0.056
2458073.83897952  19.927  0.053
2458073.83897952  16.165  0.003
2458073.83897952  17.271  0.006
2458073.83932675  19.914  0.055
2458073.83932675  19.513  0.038
2458073.83932675  20.099  0.062
2458073.83932675  20.038  0.057
2458073.83932675  16.198  0.003
2458073.83932675  17.315  0.006
2458073.83967401  19.983  0.056
2458073.83967401  19.516  0.037
2458073.83967401  20.293  0.076
2458073.83967401  20.050  0.062
2458073.83967401  16.291  0.003
2458073.83967401  17.373  0.007
2458073.84002126  19.959  0.053
2458073.84002126  19.536  0.039
2458073.84002126  20.092  0.062
2458073.84002126  20.073  0.059
2458073.84002126  16.245  0.003
2458073.84002126  17.356  0.006
2458073.84036849  20.013  0.056
2458073.84036849  19.622  0.042
2458073.84036849  20.090  0.065
2458073.84036849  20.094  0.062
2458073.84036849  16.288  0.003
2458073.84036849  17.397  0.007
2458073.84071575  20.115  0.065
2458073.84071575  19.546  0.039
2458073.84071575  20.072  0.063
2458073.84071575  20.052  0.061
2458073.84071575  16.291  0.003
2458073.84071575  17.401  0.007
2458073.84106301  19.982  0.057
2458073.84106301  19.546  0.039
2458073.84106301  20.100  0.062
2458073.84106301  20.023  0.056
2458073.84106301  16.187  0.003
2458073.84106301  17.306  0.006
2458073.84141024  19.964  0.056
2458073.84141024  19.470  0.036
2458073.84141024  20.053  0.060
2458073.84141024  19.905  0.054
2458073.84141024  16.162  0.003
2458073.84141024  17.276  0.006
2458073.84175752  19.819  0.050
2458073.84175752  19.393  0.034
2458073.84175752  20.020  0.058
2458073.84175752  19.805  0.046
2458073.84175752  16.114  0.003
2458073.84175752  17.232  0.006
2458073.84210478  19.763  0.046
2458073.84210478  19.362  0.033
2458073.84210478  19.989  0.056
2458073.84210478  19.899  0.053
2458073.84210478  16.080  0.003
2458073.84210478  17.184  0.006
2458073.84245204  19.876  0.053
2458073.84245204  19.552  0.039
2458073.84245204  20.157  0.068
2458073.84245204  20.005  0.057
2458073.84245204  16.220  0.003
2458073.84245204  17.320  0.006
2458073.84279927  19.864  0.052
2458073.84279927  19.518  0.037
2458073.84279927  19.989  0.057
2458073.84279927  19.927  0.052
2458073.84279927  16.191  0.003
2458073.84279927  17.312  0.006
2458073.84314653  19.851  0.051
2458073.84314653  19.430  0.035
2458073.84314653  19.603  0.042
2458073.84314653  19.778  0.047
2458073.84314653  16.158  0.003
2458073.84314653  17.274  0.006
2458073.84349379  19.804  0.049
2458073.84349379  19.430  0.034
2458073.84349379  20.092  0.064
2458073.84349379  19.933  0.055
2458073.84349379  16.144  0.003
2458073.84349379  17.264  0.006
2458073.84384101  19.851  0.049
2458073.84384101  19.388  0.033
2458073.84384101  20.036  0.059
2458073.84384101  20.004  0.058
2458073.84384101  16.152  0.003
2458073.84384101  17.245  0.006
2458073.8441883  19.768  0.046
2458073.8441883  19.410  0.035
2458073.8441883  20.099  0.061
2458073.8441883  19.901  0.052
2458073.8441883  16.114  0.003
2458073.8441883  17.206  0.006
2458073.84453556  19.766  0.046
2458073.84453556  19.400  0.033
2458073.84453556  20.063  0.061
2458073.84453556  19.849  0.050
2458073.84453556  16.112  0.003
2458073.84453556  17.237  0.006
2458073.84488282  19.835  0.048
2458073.84488282  19.422  0.033
2458073.84488282  20.000  0.059
2458073.84488282  19.993  0.058
2458073.84488282  16.147  0.003
2458073.84488282  17.271  0.006
2458073.84523005  19.846  0.051
2458073.84523005  19.358  0.032
2458073.84523005  19.960  0.057
2458073.84523005  19.867  0.051
2458073.84523005  16.067  0.003
2458073.84523005  17.183  0.006
2458073.8455773  19.718  0.045
2458073.8455773  19.398  0.034
2458073.8455773  20.079  0.064
2458073.8455773  19.858  0.050
2458073.8455773  16.065  0.003
2458073.8455773  17.171  0.006
2458073.84592456  19.767  0.048
2458073.84592456  19.399  0.034
2458073.84592456  19.975  0.056
2458073.84592456  19.851  0.051
2458073.84592456  16.047  0.003
2458073.84592456  17.168  0.006
2458073.84627179  19.820  0.051
2458073.84627179  19.397  0.034
2458073.84627179  19.934  0.054
2458073.84627179  19.932  0.053
2458073.84627179  16.061  0.003
2458073.84627179  17.187  0.006
2458073.84661905  19.800  0.047
2458073.84661905  19.332  0.032
2458073.84661905  19.928  0.053
2458073.84661905  19.808  0.047
2458073.84661905  16.072  0.003
2458073.84661905  17.187  0.006
2458073.84696634  19.792  0.049
2458073.84696634  19.357  0.032
2458073.84696634  19.883  0.053
2458073.84696634  19.837  0.050
2458073.84696634  16.056  0.003
2458073.84696634  17.172  0.006
2458073.84731359  19.774  0.046
2458073.84731359  19.323  0.034
2458073.84731359  19.961  0.058
2458073.84731359  19.868  0.051
2458073.84731359  16.052  0.003
2458073.84731359  17.179  0.006
2458073.84766082  19.819  0.048
2458073.84766082  19.402  0.033
2458073.84766082  19.865  0.052
2458073.84766082  19.768  0.048
2458073.84766082  16.064  0.003
2458073.84766082  17.175  0.006
2458073.84800808  19.894  0.052
2458073.84800808  19.612  0.043
2458073.84800808  20.045  0.063
2458073.84800808  19.901  0.052
2458073.84800808  16.188  0.003
2458073.84800808  17.320  0.006
2458073.84835534  19.879  0.053
2458073.84835534  19.356  0.033
2458073.84835534  19.934  0.058
2458073.84835534  19.802  0.047
2458073.84835534  16.053  0.003
2458073.84835534  17.164  0.006
2458073.84870257  19.776  0.048
2458073.84870257  19.454  0.036
2458073.84870257  20.012  0.062
2458073.84870257  19.880  0.051
2458073.84870257  16.095  0.003
2458073.84870257  17.203  0.006
2458073.84904983  19.768  0.047
2458073.84904983  19.356  0.032
2458073.84904983  19.950  0.055
2458073.84904983  19.820  0.049
2458073.84904983  16.053  0.003
2458073.84904983  17.184  0.006
2458073.84939711  19.804  0.049
2458073.84939711  19.370  0.033
2458073.84939711  19.890  0.052
2458073.84939711  19.816  0.049
2458073.84939711  16.043  0.003
2458073.84939711  17.164  0.006
2458073.84974437  19.812  0.049
2458073.84974437  19.329  0.033
2458073.84974437  19.866  0.052
2458073.84974437  19.772  0.047
2458073.84974437  16.033  0.003
2458073.84974437  17.149  0.006
2458073.8500916  19.794  0.048
2458073.8500916  19.352  0.032
2458073.8500916  19.926  0.056
2458073.8500916  19.847  0.051
2458073.8500916  16.027  0.003
2458073.8500916  17.142  0.006
2458073.85043886  19.743  0.046
2458073.85043886  19.316  0.032
2458073.85043886  19.907  0.053
2458073.85043886  19.812  0.049
2458073.85043886  16.022  0.003
2458073.85043886  17.140  0.005
2458073.85078612  19.662  0.043
2458073.85078612  19.275  0.030
2458073.85078612  19.912  0.052
2458073.85078612  19.771  0.045
2458073.85078612  16.030  0.003
2458073.85078612  17.146  0.006
2458073.85113334  19.667  0.042
2458073.85113334  19.372  0.033
2458073.85113334  19.897  0.054
2458073.85113334  19.926  0.054
2458073.85113334  16.023  0.003
2458073.85113334  17.143  0.006
2458073.8514806  19.725  0.047
2458073.8514806  19.343  0.032
2458073.8514806  19.845  0.049
2458073.8514806  19.852  0.049
2458073.8514806  16.016  0.003
2458073.8514806  17.133  0.006
2458073.85182786  19.652  0.042
2458073.85182786  19.340  0.034
2458073.85182786  19.862  0.051
2458073.85182786  19.802  0.047
2458073.85182786  16.028  0.003
2458073.85182786  17.143  0.005
2458073.85217515  19.790  0.047
2458073.85217515  19.352  0.032
2458073.85217515  19.816  0.049
2458073.85217515  19.769  0.047
2458073.85217515  16.038  0.003
2458073.85217515  17.158  0.006
2458073.85252238  19.868  0.049
2458073.85252238  19.384  0.034
2458073.85252238  19.965  0.053
2458073.85252238  19.752  0.047
2458073.85252238  16.063  0.003
2458073.85252238  17.181  0.006
2458073.85286963  19.728  0.045
2458073.85286963  19.341  0.031
2458073.85286963  19.868  0.051
2458073.85286963  19.839  0.049
2458073.85286963  16.037  0.003
2458073.85286963  17.147  0.006
2458073.85321689  19.774  0.047
2458073.85321689  19.287  0.031
2458073.85321689  19.838  0.048
2458073.85321689  19.783  0.046
2458073.85321689  16.012  0.003
2458073.85321689  17.136  0.005
2458073.85356412  19.788  0.047
2458073.85356412  19.310  0.032
2458073.85356412  19.998  0.060
2458073.85356412  19.855  0.050
2458073.85356412  16.027  0.003
2458073.85356412  17.143  0.006
2458073.85391138  19.729  0.045
2458073.85391138  19.334  0.031
2458073.85391138  19.949  0.055
2458073.85391138  19.771  0.048
2458073.85391138  16.011  0.003
2458073.85391138  17.146  0.006
2458073.85425864  19.718  0.045
2458073.85425864  19.373  0.033
2458073.85425864  19.938  0.055
2458073.85425864  19.779  0.047
2458073.85425864  16.030  0.003
2458073.85425864  17.154  0.006
2458073.85460593  19.744  0.046
2458073.85460593  19.300  0.031
2458073.85460593  19.930  0.054
2458073.85460593  19.839  0.049
2458073.85460593  16.024  0.003
2458073.85460593  17.125  0.005
2458073.85495315  19.824  0.048
2458073.85495315  19.355  0.032
2458073.85495315  19.914  0.054
2458073.85495315  19.756  0.047
2458073.85495315  16.031  0.003
2458073.85495315  17.154  0.006
2458073.85530041  19.702  0.043
2458073.85530041  19.316  0.032
2458073.85530041  19.969  0.055
2458073.85530041  19.827  0.046
2458073.85530041  16.023  0.003
2458073.85530041  17.131  0.005
2458073.85564767  19.723  0.048
2458073.85564767  19.410  0.033
2458073.85564767  19.912  0.053
2458073.85564767  19.737  0.047
2458073.85564767  16.001  0.003
2458073.85564767  17.122  0.006
2458073.8559949  19.748  0.046
2458073.8559949  19.303  0.032
2458073.8559949  19.808  0.048
2458073.8559949  19.781  0.047
2458073.8559949  16.024  0.003
2458073.8559949  17.126  0.006
2458073.85634216  19.777  0.048
2458073.85634216  19.275  0.030
2458073.85634216  19.860  0.053
2458073.85634216  19.729  0.044
2458073.85634216  16.000  0.003
2458073.85634216  17.114  0.006
2458073.85668941  19.628  0.042
2458073.85668941  19.371  0.033
2458073.85668941  19.843  0.050
2458073.85668941  19.769  0.047
2458073.85668941  15.997  0.003
2458073.85668941  17.110  0.005
2458073.85703664  19.703  0.044
2458073.85703664  19.334  0.034
2458073.85703664  19.960  0.058
2458073.85703664  19.812  0.051
2458073.85703664  16.006  0.003
2458073.85703664  17.121  0.006
2458073.85738393  19.743  0.045
2458073.85738393  19.313  0.032
2458073.85738393  19.790  0.048
2458073.85738393  19.750  0.047
2458073.85738393  16.014  0.003
2458073.85738393  17.144  0.006
2458073.85773119  19.718  0.046
2458073.85773119  19.303  0.031
2458073.85773119  19.924  0.055
2458073.85773119  19.799  0.050
2458073.85773119  15.994  0.003
2458073.85773119  17.109  0.005
2458073.85807845  19.740  0.046
2458073.85807845  19.303  0.031
2458073.85807845  19.946  0.057
2458073.85807845  19.773  0.048
2458073.85807845  15.983  0.003
2458073.85807845  17.096  0.005
2458073.85842568  19.757  0.045
2458073.85842568  19.289  0.031
2458073.85842568  19.837  0.050
2458073.85842568  19.680  0.042
2458073.85842568  15.978  0.003
2458073.85842568  17.087  0.005
2458073.85877293  19.594  0.039
2458073.85877293  19.284  0.030
2458073.85877293  19.850  0.052
2458073.85877293  19.773  0.046
2458073.85877293  15.984  0.003
2458073.85877293  17.097  0.005
2458073.85912019  19.781  0.049
2458073.85912019  19.288  0.032
2458073.85912019  19.905  0.054
2458073.85912019  19.693  0.042
2458073.85912019  15.998  0.003
2458073.85912019  17.110  0.005
2458073.85946742  20.006  0.059
2458073.85946742  19.293  0.031
2458073.85946742  19.901  0.054
2458073.85946742  19.751  0.046
2458073.85946742  16.025  0.003
2458073.85946742  17.141  0.006
2458073.85981471  19.843  0.050
2458073.85981471  19.340  0.033
2458073.85981471  19.884  0.050
2458073.85981471  19.765  0.047
2458073.85981471  16.003  0.003
2458073.85981471  17.119  0.006
2458073.86016197  19.716  0.044
2458073.86016197  19.309  0.032
2458073.86016197  19.714  0.045
2458073.86016197  19.682  0.044
2458073.86016197  15.982  0.003
2458073.86016197  17.099  0.005
2458073.86050922  19.667  0.044
2458073.86050922  19.366  0.033
2458073.86050922  19.939  0.055
2458073.86050922  19.770  0.047
2458073.86050922  15.992  0.003
2458073.86050922  17.111  0.005
2458073.86085645  19.804  0.050
2458073.86085645  19.349  0.033
2458073.86085645  19.925  0.053
2458073.86085645  19.656  0.042
2458073.86085645  15.985  0.003
2458073.86085645  17.096  0.005
2458073.86120371  19.624  0.041
2458073.86120371  19.276  0.031
2458073.86120371  19.850  0.054
2458073.86120371  19.760  0.046
2458073.86120371  16.001  0.003
2458073.86120371  17.120  0.005
2458073.86155097  19.747  0.046
2458073.86155097  19.340  0.032
2458073.86155097  19.942  0.056
2458073.86155097  19.896  0.051
2458073.86155097  15.999  0.003
2458073.86155097  17.123  0.006
2458073.8618982  19.636  0.043
2458073.8618982  19.310  0.031
2458073.8618982  19.935  0.054
2458073.8618982  19.790  0.046
2458073.8618982  15.990  0.003
2458073.8618982  17.108  0.005
2458073.86224545  19.626  0.040
2458073.86224545  19.322  0.032
2458073.86224545  19.778  0.047
2458073.86224545  19.731  0.044
2458073.86224545  15.980  0.003
2458073.86224545  17.095  0.005
2458073.86259274  19.653  0.042
2458073.86259274  19.261  0.031
2458073.86259274  19.821  0.049
2458073.86259274  19.710  0.043
2458073.86259274  15.979  0.003
2458073.86259274  17.093  0.005
2458073.86294  19.715  0.046
2458073.86294  19.317  0.032
2458073.86294  19.863  0.052
2458073.86294  19.815  0.047
2458073.86294  15.980  0.003
2458073.86294  17.105  0.005
2458073.86328723  19.684  0.042
2458073.86328723  19.378  0.034
2458073.86328723  19.824  0.049
2458073.86328723  19.733  0.044
2458073.86328723  16.010  0.003
2458073.86328723  17.140  0.006
2458073.86363449  19.748  0.046
2458073.86363449  19.371  0.033
2458073.86363449  19.968  0.052
2458073.86363449  19.816  0.049
2458073.86363449  16.011  0.003
2458073.86363449  17.128  0.006
2458073.86398174  19.750  0.047
2458073.86398174  19.310  0.031
2458073.86398174  19.855  0.053
2458073.86398174  19.709  0.045
2458073.86398174  15.991  0.003
2458073.86398174  17.106  0.005
2458073.86432897  19.791  0.048
2458073.86432897  19.362  0.034
2458073.86432897  19.982  0.058
2458073.86432897  19.714  0.044
2458073.86432897  16.018  0.003
2458073.86432897  17.141  0.006
2458073.86467623  19.811  0.049
2458073.86467623  19.345  0.032
2458073.86467623  20.120  0.067
2458073.86467623  19.857  0.054
2458073.86467623  16.072  0.003
2458073.86467623  17.179  0.006
2458073.86502352  19.654  0.043
2458073.86502352  19.450  0.036
2458073.86502352  19.994  0.056
2458073.86502352  19.891  0.054
2458073.86502352  16.058  0.003
2458073.86502352  17.190  0.006
2458073.86537078  19.746  0.048
2458073.86537078  19.345  0.034
2458073.86537078  19.928  0.056
2458073.86537078  19.789  0.047
2458073.86537078  16.020  0.003
2458073.86537078  17.140  0.006
2458073.86571801  19.752  0.046
2458073.86571801  19.365  0.033
2458073.86571801  19.987  0.056
2458073.86571801  19.858  0.050
2458073.86571801  16.055  0.003
2458073.86571801  17.167  0.006
2458073.86606526  19.843  0.050
2458073.86606526  19.466  0.036
2458073.86606526  20.027  0.059
2458073.86606526  19.922  0.053
2458073.86606526  16.123  0.003
2458073.86606526  17.250  0.006
2458073.86641252  19.760  0.046
2458073.86641252  19.427  0.034
2458073.86641252  20.113  0.064
2458073.86641252  19.867  0.052
2458073.86641252  16.112  0.003
2458073.86641252  17.229  0.006
2458073.86675975  19.799  0.049
2458073.86675975  19.325  0.032
2458073.86675975  20.010  0.059
2458073.86675975  19.780  0.048
2458073.86675975  16.073  0.003
2458073.86675975  17.209  0.006
2458073.86710701  19.786  0.048
2458073.86710701  19.399  0.034
2458073.86710701  19.867  0.049
2458073.86710701  19.845  0.050
2458073.86710701  16.084  0.003
2458073.86710701  17.208  0.006
2458073.86745427  19.716  0.046
2458073.86745427  19.323  0.031
2458073.86745427  20.016  0.058
2458073.86745427  19.811  0.049
2458073.86745427  16.069  0.003
2458073.86745427  17.201  0.006
2458073.86780155  19.731  0.045
2458073.86780155  19.349  0.032
2458073.86780155  19.939  0.054
2458073.86780155  19.816  0.050
2458073.86780155  16.053  0.003
2458073.86780155  17.180  0.006
2458073.86814878  19.719  0.046
2458073.86814878  19.379  0.033
2458073.86814878  20.005  0.058
2458073.86814878  19.761  0.045
2458073.86814878  16.058  0.003
2458073.86814878  17.176  0.006
2458073.86849604  19.773  0.048
2458073.86849604  19.369  0.033
2458073.86849604  19.916  0.052
2458073.86849604  19.785  0.047
2458073.86849604  16.027  0.003
2458073.86849604  17.149  0.006
2458073.8688433  19.662  0.043
2458073.8688433  19.325  0.031
2458073.8688433  19.900  0.055
2458073.8688433  19.800  0.047
2458073.8688433  16.020  0.003
2458073.8688433  17.131  0.005
2458073.86919053  19.783  0.047
2458073.86919053  19.374  0.032
2458073.86919053  20.024  0.058
2458073.86919053  19.886  0.051
2458073.86919053  16.076  0.003
2458073.86919053  17.196  0.006
2458073.86953779  19.861  0.050
2458073.86953779  19.412  0.035
2458073.86953779  19.993  0.059
2458073.86953779  19.800  0.049
2458073.86953779  16.091  0.003
2458073.86953779  17.205  0.006
2458073.86988504  19.932  0.053
2458073.86988504  19.351  0.031
2458073.86988504  20.042  0.063
2458073.86988504  19.896  0.053
2458073.86988504  16.104  0.003
2458073.86988504  17.227  0.006
2458073.87023233  19.842  0.050
2458073.87023233  19.416  0.034
2458073.87023233  20.033  0.059
2458073.87023233  19.906  0.051
2458073.87023233  16.092  0.003
2458073.87023233  17.209  0.006
2458073.87057956  19.793  0.049
2458073.87057956  19.410  0.034
2458073.87057956  19.966  0.055
2458073.87057956  19.816  0.049
2458073.87057956  16.094  0.003
2458073.87057956  17.206  0.006
2458073.87092682  19.666  0.042
2458073.87092682  19.326  0.031
2458073.87092682  19.983  0.057
2458073.87092682  19.869  0.050
2458073.87092682  16.042  0.003
2458073.87092682  17.160  0.006
2458073.87127408  19.809  0.047
2458073.87127408  19.368  0.033
2458073.87127408  19.869  0.052
2458073.87127408  19.905  0.051
2458073.87127408  16.047  0.003
2458073.87127408  17.167  0.006
2458073.8716213  19.879  0.050
2458073.8716213  19.449  0.036
2458073.8716213  19.988  0.057
2458073.8716213  19.885  0.050
2458073.8716213  16.123  0.003
2458073.8716213  17.240  0.006
2458073.87196856  19.853  0.050
2458073.87196856  19.467  0.035
2458073.87196856  20.005  0.059
2458073.87196856  19.808  0.050
2458073.87196856  16.111  0.003
2458073.87196856  17.238  0.006
2458073.87231582  19.798  0.049
2458073.87231582  19.425  0.035
2458073.87231582  20.063  0.062
2458073.87231582  19.879  0.052
2458073.87231582  16.115  0.003
2458073.87231582  17.245  0.006
2458073.87266305  19.793  0.048
2458073.87266305  19.377  0.034
2458073.87266305  20.007  0.057
2458073.87266305  19.922  0.054
2458073.87266305  16.091  0.003
2458073.87266305  17.205  0.006
2458073.87301034  19.861  0.051
2458073.87301034  19.342  0.033
2458073.87301034  20.053  0.061
2458073.87301034  19.821  0.049
2458073.87301034  16.061  0.003
2458073.87301034  17.180  0.006
2458073.87335759  19.807  0.048
2458073.87335759  19.333  0.032
2458073.87335759  19.999  0.057
2458073.87335759  19.885  0.052
2458073.87335759  16.037  0.003
2458073.87335759  17.157  0.006
2458073.87370485  19.719  0.045
2458073.87370485  19.317  0.032
2458073.87370485  20.023  0.059
2458073.87370485  19.809  0.047
2458073.87370485  16.030  0.003
2458073.87370485  17.158  0.006
2458073.87405208  19.773  0.045
2458073.87405208  19.340  0.033
2458073.87405208  20.000  0.060
2458073.87405208  19.726  0.044
2458073.87405208  16.010  0.003
2458073.87405208  17.125  0.005
2458073.87439934  19.779  0.047
2458073.87439934  19.432  0.035
2458073.87439934  19.982  0.059
2458073.87439934  19.801  0.049
2458073.87439934  16.054  0.003
2458073.87439934  17.178  0.006
2458073.8747466  19.779  0.046
2458073.8747466  19.441  0.036
2458073.8747466  20.023  0.057
2458073.8747466  19.864  0.050
2458073.8747466  16.084  0.003
2458073.8747466  17.214  0.006
2458073.87509383  19.759  0.046
2458073.87509383  19.367  0.032
2458073.87509383  19.997  0.057
2458073.87509383  19.885  0.051
2458073.87509383  16.071  0.003
2458073.87509383  17.203  0.006
2458073.87544111  19.746  0.045
2458073.87544111  19.385  0.033
2458073.87544111  19.905  0.054
2458073.87544111  19.807  0.048
2458073.87544111  16.058  0.003
2458073.87544111  17.187  0.006
2458073.87578837  19.857  0.050
2458073.87578837  19.386  0.033
2458073.87578837  20.042  0.059
2458073.87578837  19.853  0.050
2458073.87578837  16.106  0.003
2458073.87578837  17.227  0.006
2458073.87613563  19.845  0.051
2458073.87613563  19.364  0.033
2458073.87613563  20.014  0.057
2458073.87613563  19.827  0.049
2458073.87613563  16.101  0.003
2458073.87613563  17.227  0.006
2458073.87648286  19.784  0.049
2458073.87648286  19.387  0.035
2458073.87648286  19.998  0.057
2458073.87648286  19.768  0.046
2458073.87648286  16.040  0.003
2458073.87648286  17.158  0.006
2458073.87683012  19.818  0.048
2458073.87683012  19.360  0.033
2458073.87683012  19.964  0.054
2458073.87683012  19.815  0.047
2458073.87683012  16.069  0.003
2458073.87683012  17.181  0.006
2458073.87717737  19.854  0.049
2458073.87717737  19.511  0.035
2458073.87717737  20.085  0.062
2458073.87717737  20.011  0.057
2458073.87717737  16.158  0.003
2458073.87717737  17.274  0.006
2458073.8775246  19.801  0.048
2458073.8775246  19.351  0.031
2458073.8775246  19.933  0.053
2458073.8775246  19.765  0.045
2458073.8775246  16.031  0.003
2458073.8775246  17.143  0.006
2458073.87787186  19.760  0.043
2458073.87787186  19.450  0.035
2458073.87787186  19.978  0.056
2458073.87787186  19.919  0.049
2458073.87787186  16.115  0.003
2458073.87787186  17.237  0.006
2458073.87821915  19.744  0.043
2458073.87821915  19.344  0.032
2458073.87821915  19.932  0.054
2458073.87821915  19.861  0.050
2458073.87821915  16.016  0.003
2458073.87821915  17.150  0.006
2458073.87856641  19.755  0.045
2458073.87856641  19.331  0.031
2458073.87856641  19.886  0.049
2458073.87856641  19.739  0.043
2458073.87856641  16.010  0.003
2458073.87856641  17.131  0.005
2458073.87891363  19.699  0.042
2458073.87891363  19.311  0.032
2458073.87891363  19.845  0.047
2458073.87891363  19.613  0.039
2458073.87891363  15.979  0.003
2458073.87891363  17.100  0.005
2458073.87926089  19.657  0.041
2458073.87926089  19.281  0.029
2458073.87926089  19.831  0.048
2458073.87926089  19.744  0.043
2458073.87926089  15.973  0.003
2458073.87926089  17.087  0.005
2458073.87960815  19.727  0.045
2458073.87960815  19.298  0.030
2458073.87960815  19.938  0.055
2458073.87960815  19.809  0.047
2458073.87960815  16.012  0.003
2458073.87960815  17.132  0.005
2458073.87995538  19.907  0.052
2458073.87995538  19.515  0.037
2458073.87995538  20.072  0.059
2458073.87995538  19.936  0.054
2458073.87995538  16.169  0.003
2458073.87995538  17.299  0.006
2458073.88030264  20.140  0.062
2458073.88030264  19.831  0.048
2458073.88030264  20.331  0.079
2458073.88030264  20.343  0.074
2458073.88030264  16.501  0.004
2458073.88030264  17.619  0.008
2458073.88064993  20.062  0.061
2458073.88064993  19.644  0.041
2458073.88064993  20.281  0.073
2458073.88064993  20.123  0.064
2458073.88064993  16.350  0.003
2458073.88064993  17.445  0.007
2458073.88099718  19.783  0.044
2458073.88099718  19.480  0.035
2458073.88099718  20.056  0.057
2458073.88099718  19.933  0.051
2458073.88099718  16.085  0.003
2458073.88099718  17.209  0.006
2458073.88134441  19.810  0.047
2458073.88134441  19.354  0.032
2458073.88134441  19.987  0.055
2458073.88134441  19.862  0.049
2458073.88134441  16.064  0.003
2458073.88134441  17.192  0.006
2458073.88169167  19.642  0.041
2458073.88169167  19.301  0.029
2458073.88169167  19.892  0.051
2458073.88169167  19.791  0.043
2458073.88169167  15.983  0.003
2458073.88169167  17.111  0.005
2458073.88203893  19.660  0.042
2458073.88203893  19.289  0.030
2458073.88203893  19.846  0.049
2458073.88203893  19.759  0.045
2458073.88203893  15.962  0.003
2458073.88203893  17.085  0.005
2458073.88238616  19.713  0.044
2458073.88238616  19.261  0.028
2458073.88238616  19.824  0.048
2458073.88238616  19.709  0.042
2458073.88238616  15.962  0.003
2458073.88238616  17.086  0.005
2458073.88273341  19.729  0.045
2458073.88273341  19.330  0.031
2458073.88273341  19.820  0.048
2458073.88273341  19.696  0.045
2458073.88273341  15.960  0.003
2458073.88273341  17.081  0.005
2458073.88308067  19.610  0.040
2458073.88308067  19.303  0.030
2458073.88308067  19.923  0.053
2458073.88308067  19.718  0.045
2458073.88308067  15.952  0.003
2458073.88308067  17.079  0.005
2458073.88342796  19.649  0.041
2458073.88342796  19.331  0.032
2458073.88342796  19.853  0.048
2458073.88342796  19.673  0.041
2458073.88342796  15.955  0.003
2458073.88342796  17.084  0.005
2458073.88377519  19.659  0.040
2458073.88377519  19.286  0.030
2458073.88377519  19.835  0.048
2458073.88377519  19.676  0.043
2458073.88377519  15.949  0.003
2458073.88377519  17.075  0.005
2458073.88412245  19.634  0.039
2458073.88412245  19.315  0.031
2458073.88412245  19.825  0.046
2458073.88412245  19.684  0.042
2458073.88412245  15.962  0.003
2458073.88412245  17.097  0.005
2458073.88446971  19.612  0.039
2458073.88446971  19.274  0.029
2458073.88446971  19.910  0.054
2458073.88446971  19.731  0.043
2458073.88446971  15.955  0.003
2458073.88446971  17.070  0.005
2458073.88481693  19.631  0.040
2458073.88481693  19.291  0.029
2458073.88481693  19.869  0.051
2458073.88481693  19.771  0.043
2458073.88481693  15.961  0.003
2458073.88481693  17.073  0.005
2458073.88516419  19.667  0.042
2458073.88516419  19.252  0.028
2458073.88516419  19.861  0.049
2458073.88516419  19.738  0.045
2458073.88516419  15.972  0.003
2458073.88516419  17.088  0.005
2458073.88551145  19.689  0.041
2458073.88551145  19.286  0.031
2458073.88551145  19.907  0.051
2458073.88551145  19.771  0.044
2458073.88551145  15.975  0.003
2458073.88551145  17.099  0.005
2458073.88585874  19.689  0.042
2458073.88585874  19.368  0.034
2458073.88585874  19.918  0.054
2458073.88585874  19.775  0.045
2458073.88585874  15.996  0.003
2458073.88585874  17.108  0.005
2458073.88620597  19.678  0.043
2458073.88620597  19.295  0.029
2458073.88620597  19.881  0.051
2458073.88620597  19.658  0.040
2458073.88620597  15.979  0.003
2458073.88620597  17.099  0.005
2458073.88655322  19.636  0.041
2458073.88655322  19.287  0.029
2458073.88655322  19.836  0.050
2458073.88655322  19.738  0.043
2458073.88655322  15.969  0.003
2458073.88655322  17.097  0.005
2458073.88690048  19.651  0.041
2458073.88690048  19.259  0.030
2458073.88690048  19.906  0.053
2458073.88690048  19.679  0.040
2458073.88690048  15.972  0.003
2458073.88690048  17.098  0.005
2458073.88724771  19.768  0.044
2458073.88724771  19.305  0.030
2458073.88724771  19.869  0.052
2458073.88724771  19.705  0.043
2458073.88724771  15.969  0.003
2458073.88724771  17.084  0.005
2458073.88759497  19.934  0.052
2458073.88759497  19.282  0.029
2458073.88759497  19.814  0.046
2458073.88759497  19.735  0.044
2458073.88759497  15.966  0.003
2458073.88759497  17.080  0.005
2458073.88794223  19.778  0.045
2458073.88794223  19.276  0.028
2458073.88794223  19.853  0.052
2458073.88794223  19.730  0.045
2458073.88794223  15.954  0.003
2458073.88794223  17.074  0.005
2458073.88828945  19.611  0.042
2458073.88828945  19.322  0.031
2458073.88828945  19.951  0.052
2458073.88828945  19.723  0.041
2458073.88828945  15.962  0.003
2458073.88828945  17.082  0.005
2458073.88863674  19.656  0.041
2458073.88863674  19.371  0.032
2458073.88863674  19.847  0.048
2458073.88863674  19.742  0.044
2458073.88863674  15.965  0.003
2458073.88863674  17.092  0.005
2458073.888984  19.672  0.040
2458073.888984  19.255  0.028
2458073.888984  19.868  0.049
2458073.888984  19.706  0.043
2458073.888984  15.964  0.003
2458073.888984  17.081  0.005
2458073.88933126  19.725  0.043
2458073.88933126  19.266  0.029
2458073.88933126  19.878  0.051
2458073.88933126  19.619  0.041
2458073.88933126  15.957  0.003
2458073.88933126  17.079  0.005
2458073.88967849  19.678  0.041
2458073.88967849  19.328  0.031
2458073.88967849  19.808  0.046
2458073.88967849  19.625  0.039
2458073.88967849  15.949  0.003
2458073.88967849  17.068  0.005
2458073.89002575  19.572  0.038
2458073.89002575  19.257  0.029
2458073.89002575  19.903  0.051
2458073.89002575  19.686  0.042
2458073.89002575  15.958  0.003
2458073.89002575  17.078  0.005
2458073.890373  19.707  0.041
2458073.890373  19.268  0.029
2458073.890373  19.873  0.051
2458073.890373  19.669  0.041
2458073.890373  15.950  0.003
2458073.890373  17.075  0.005
2458073.89072023  19.597  0.038
2458073.89072023  19.234  0.029
2458073.89072023  19.906  0.050
2458073.89072023  19.721  0.043
2458073.89072023  15.949  0.003
2458073.89072023  17.069  0.005
2458073.89106752  19.619  0.040
2458073.89106752  19.272  0.029
2458073.89106752  19.885  0.048
2458073.89106752  19.712  0.043
2458073.89106752  15.948  0.003
2458073.89106752  17.081  0.005
2458073.89141478  19.694  0.041
2458073.89141478  19.288  0.029
2458073.89141478  19.824  0.048
2458073.89141478  19.745  0.043
2458073.89141478  15.959  0.003
2458073.89141478  17.085  0.005
2458073.89176204  19.650  0.038
2458073.89176204  19.229  0.027
2458073.89176204  19.814  0.045
2458073.89176204  19.680  0.041
2458073.89176204  15.947  0.003
2458073.89176204  17.074  0.005
2458073.89210926  19.637  0.039
2458073.89210926  19.283  0.030
2458073.89210926  19.895  0.049
2458073.89210926  19.767  0.046
2458073.89210926  15.957  0.003
2458073.89210926  17.086  0.005
2458073.89245652  19.691  0.042
2458073.89245652  19.321  0.030
2458073.89245652  19.822  0.048
2458073.89245652  19.698  0.041
2458073.89245652  15.959  0.003
2458073.89245652  17.078  0.005
2458073.89280378  19.717  0.041
2458073.89280378  19.331  0.030
2458073.89280378  19.940  0.053
2458073.89280378  19.720  0.043
2458073.89280378  15.969  0.003
2458073.89280378  17.095  0.005
2458073.89315101  19.588  0.037
2458073.89315101  19.216  0.028
2458073.89315101  19.906  0.050
2458073.89315101  19.666  0.041
2458073.89315101  15.960  0.003
2458073.89315101  17.085  0.005
2458073.89349827  19.678  0.041
2458073.89349827  19.259  0.029
2458073.89349827  19.891  0.051
2458073.89349827  19.699  0.042
2458073.89349827  15.959  0.003
2458073.89349827  17.075  0.005
2458073.89384555  19.719  0.044
2458073.89384555  19.262  0.029
2458073.89384555  19.765  0.045
2458073.89384555  19.668  0.040
2458073.89384555  15.968  0.003
2458073.89384555  17.099  0.005
2458073.89419281  19.606  0.039
2458073.89419281  19.301  0.029
2458073.89419281  19.858  0.050
2458073.89419281  19.735  0.043
2458073.89419281  15.959  0.003
2458073.89419281  17.073  0.005
2458073.89454004  19.604  0.038
2458073.89454004  19.293  0.028
2458073.89454004  19.903  0.049
2458073.89454004  19.719  0.042
2458073.89454004  15.956  0.003
2458073.89454004  17.076  0.005
2458073.8948873  19.600  0.037
2458073.8948873  19.286  0.030
2458073.8948873  19.916  0.052
2458073.8948873  19.741  0.045
2458073.8948873  15.954  0.003
2458073.8948873  17.088  0.005
2458073.89523456  19.658  0.042
2458073.89523456  19.308  0.030
2458073.89523456  19.828  0.047
2458073.89523456  19.701  0.040
2458073.89523456  15.956  0.003
2458073.89523456  17.081  0.005
2458073.89558179  19.679  0.042
2458073.89558179  19.335  0.030
2458073.89558179  19.895  0.049
2458073.89558179  19.696  0.042
2458073.89558179  15.960  0.003
2458073.89558179  17.082  0.005
2458073.89592904  19.693  0.042
2458073.89592904  19.291  0.029
2458073.89592904  19.897  0.051
2458073.89592904  19.802  0.043
2458073.89592904  15.976  0.003
2458073.89592904  17.096  0.005
2458073.89627633  19.745  0.042
2458073.89627633  19.296  0.029
2458073.89627633  19.874  0.048
2458073.89627633  19.706  0.041
2458073.89627633  15.972  0.003
2458073.89627633  17.092  0.005
2458073.89662359  19.663  0.040
2458073.89662359  19.342  0.030
2458073.89662359  19.901  0.050
2458073.89662359  19.806  0.043
2458073.89662359  16.015  0.003
2458073.89662359  17.133  0.005
2458073.89697082  19.749  0.042
2458073.89697082  19.314  0.030
2458073.89697082  19.973  0.051
2458073.89697082  19.828  0.046
2458073.89697082  16.015  0.003
2458073.89697082  17.140  0.005
2458073.89731808  19.759  0.043
2458073.89731808  19.363  0.029
2458073.89731808  19.982  0.053
2458073.89731808  19.757  0.042
2458073.89731808  16.025  0.003
2458073.89731808  17.147  0.005
2458073.89766533  19.695  0.040
2458073.89766533  19.321  0.029
2458073.89766533  19.853  0.047
2458073.89766533  19.703  0.042
2458073.89766533  15.978  0.003
2458073.89766533  17.105  0.005
2458073.89801256  19.666  0.040
2458073.89801256  19.267  0.028
2458073.89801256  19.874  0.050
2458073.89801256  19.660  0.041
2458073.89801256  15.979  0.003
2458073.89801256  17.101  0.005
2458073.89835982  19.725  0.042
2458073.89835982  19.282  0.028
2458073.89835982  19.942  0.052
2458073.89835982  19.687  0.040
2458073.89835982  15.964  0.003
2458073.89835982  17.089  0.005
2458073.89870708  19.650  0.038
2458073.89870708  19.256  0.029
2458073.89870708  19.870  0.047
2458073.89870708  19.736  0.042
2458073.89870708  15.961  0.003
2458073.89870708  17.090  0.005
2458073.89905437  19.669  0.040
2458073.89905437  19.338  0.030
2458073.89905437  19.850  0.048
2458073.89905437  19.766  0.043
2458073.89905437  15.965  0.003
2458073.89905437  17.093  0.005
2458073.89940159  19.668  0.041
2458073.89940159  19.253  0.027
2458073.89940159  19.848  0.047
2458073.89940159  19.718  0.041
2458073.89940159  15.953  0.003
2458073.89940159  17.078  0.005
2458073.89974885  19.659  0.039
2458073.89974885  19.302  0.029
2458073.89974885  19.774  0.042
2458073.89974885  19.773  0.044
2458073.89974885  15.952  0.003
2458073.89974885  17.081  0.005
2458073.90009611  19.687  0.040
2458073.90009611  19.287  0.029
2458073.90009611  19.868  0.049
2458073.90009611  19.764  0.041
2458073.90009611  15.967  0.003
2458073.90009611  17.092  0.005
2458073.90044334  19.683  0.040
2458073.90044334  19.258  0.027
2458073.90044334  19.885  0.047
2458073.90044334  19.648  0.038
2458073.90044334  15.957  0.003
2458073.90044334  17.072  0.005
2458073.9007906  19.627  0.037
2458073.9007906  19.267  0.027
2458073.9007906  19.792  0.044
2458073.9007906  19.689  0.040
2458073.9007906  15.953  0.002
2458073.9007906  17.071  0.005
2458073.90113786  19.675  0.039
2458073.90113786  19.301  0.027
2458073.90113786  19.873  0.048
2458073.90113786  19.702  0.039
2458073.90113786  15.984  0.003
2458073.90113786  17.107  0.005
2458073.90148514  19.732  0.041
2458073.90148514  19.251  0.027
2458073.90148514  19.943  0.049
2458073.90148514  19.764  0.040
2458073.90148514  15.971  0.003
2458073.90148514  17.097  0.005
2458073.90183237  19.709  0.040
2458073.90183237  19.287  0.029
2458073.90183237  19.844  0.046
2458073.90183237  19.699  0.039
2458073.90183237  15.953  0.002
2458073.90183237  17.089  0.005
2458073.90217963  19.624  0.039
2458073.90217963  19.312  0.028
2458073.90217963  19.901  0.048
2458073.90217963  19.707  0.040
2458073.90217963  15.978  0.003
2458073.90217963  17.104  0.005
2458073.90252689  19.641  0.038
2458073.90252689  19.285  0.027
2458073.90252689  19.894  0.048
2458073.90252689  19.749  0.041
2458073.90252689  15.971  0.003
2458073.90252689  17.090  0.005
2458073.90287412  19.702  0.040
2458073.90287412  19.340  0.030
2458073.90287412  19.819  0.044
2458073.90287412  19.757  0.042
2458073.90287412  15.976  0.003
2458073.90287412  17.096  0.005
2458073.90322137  19.735  0.040
2458073.90322137  19.322  0.029
2458073.90322137  19.844  0.046
2458073.90322137  19.792  0.043
2458073.90322137  16.002  0.003
2458073.90322137  17.129  0.005
2458073.90356863  19.717  0.039
2458073.90356863  19.299  0.027
2458073.90356863  19.917  0.051
2458073.90356863  19.798  0.040
2458073.90356863  15.979  0.003
2458073.90356863  17.097  0.005
2458073.90391586  19.700  0.039
2458073.90391586  19.315  0.029
2458073.90391586  19.933  0.049
2458073.90391586  19.756  0.041
2458073.90391586  15.983  0.003
2458073.90391586  17.108  0.005
2458073.90426315  19.703  0.038
2458073.90426315  19.360  0.029
2458073.90426315  19.840  0.044
2458073.90426315  19.673  0.039
2458073.90426315  15.980  0.003
2458073.90426315  17.095  0.005
2458073.90461041  19.643  0.038
2458073.90461041  19.275  0.028
2458073.90461041  19.891  0.048
2458073.90461041  19.719  0.042
2458073.90461041  15.963  0.003
2458073.90461041  17.089  0.005
2458073.90495766  19.688  0.041
2458073.90495766  19.245  0.027
2458073.90495766  19.845  0.046
2458073.90495766  19.767  0.041
2458073.90495766  15.951  0.003
2458073.90495766  17.070  0.005
2458073.90530489  19.739  0.041
2458073.90530489  19.267  0.028
2458073.90530489  19.874  0.048
2458073.90530489  19.640  0.037
2458073.90530489  15.961  0.003
2458073.90530489  17.086  0.005
2458073.90565215  19.702  0.040
2458073.90565215  19.279  0.028
2458073.90565215  19.876  0.049
2458073.90565215  19.686  0.039
2458073.90565215  15.962  0.003
2458073.90565215  17.096  0.005
2458073.90599941  19.762  0.041
2458073.90599941  19.290  0.028
2458073.90599941  19.833  0.043
2458073.90599941  19.747  0.043
2458073.90599941  15.984  0.003
2458073.90599941  17.114  0.005
2458073.90634664  19.656  0.039
2458073.90634664  19.256  0.028
2458073.90634664  19.865  0.046
2458073.90634664  19.663  0.037
2458073.90634664  15.963  0.003
2458073.90634664  17.084  0.005
2458073.90669392  19.750  0.040
2458073.90669392  19.331  0.030
2458073.90669392  19.804  0.045
2458073.90669392  19.708  0.040
2458073.90669392  15.968  0.003
2458073.90669392  17.096  0.005
2458073.90704118  19.630  0.038
2458073.90704118  19.274  0.027
2458073.90704118  19.879  0.048
2458073.90704118  19.732  0.041
2458073.90704118  15.965  0.003
2458073.90704118  17.095  0.005
2458073.90738844  19.645  0.036
2458073.90738844  19.342  0.029
2458073.90738844  19.857  0.045
2458073.90738844  19.669  0.037
2458073.90738844  15.975  0.003
2458073.90738844  17.087  0.005
2458073.90773567  19.623  0.036
2458073.90773567  19.292  0.028
2458073.90773567  19.771  0.042
2458073.90773567  19.679  0.039
2458073.90773567  15.955  0.003
2458073.90773567  17.085  0.005
2458073.90808293  19.646  0.037
2458073.90808293  19.295  0.029
2458073.90808293  19.885  0.047
2458073.90808293  19.745  0.040
2458073.90808293  15.964  0.003
2458073.90808293  17.083  0.005
2458073.90843019  19.641  0.037
2458073.90843019  19.321  0.028
2458073.90843019  19.855  0.046
2458073.90843019  19.703  0.040
2458073.90843019  15.959  0.003
2458073.90843019  17.096  0.005
2458073.90877741  19.743  0.040
2458073.90877741  19.295  0.028
2458073.90877741  19.848  0.046
2458073.90877741  19.753  0.042
2458073.90877741  15.964  0.003
2458073.90877741  17.102  0.005
2458073.90912467  19.651  0.038
2458073.90912467  19.309  0.028
2458073.90912467  19.769  0.044
2458073.90912467  19.731  0.039
2458073.90912467  15.975  0.003
2458073.90912467  17.095  0.005
2458073.90947196  19.640  0.037
2458073.90947196  19.302  0.028
2458073.90947196  19.821  0.046
2458073.90947196  19.682  0.039
2458073.90947196  15.948  0.002
2458073.90947196  17.073  0.005
2458073.90981922  19.682  0.038
2458073.90981922  19.282  0.027
2458073.90981922  19.870  0.048
2458073.90981922  19.714  0.041
2458073.90981922  15.947  0.003
2458073.90981922  17.072  0.005
2458073.91016645  19.646  0.038
2458073.91016645  19.247  0.026
2458073.91016645  19.846  0.044
2458073.91016645  19.700  0.039
2458073.91016645  15.961  0.003
2458073.91016645  17.089  0.005
2458073.9105137  19.690  0.040
2458073.9105137  19.275  0.027
2458073.9105137  19.801  0.044
2458073.9105137  19.779  0.045
2458073.9105137  15.956  0.003
2458073.9105137  17.082  0.005
2458073.91086096  19.610  0.036
2458073.91086096  19.323  0.028
2458073.91086096  19.978  0.050
2458073.91086096  19.699  0.039
2458073.91086096  15.950  0.002
2458073.91086096  17.074  0.005
2458073.91120819  19.660  0.035
2458073.91120819  19.302  0.027
2458073.91120819  19.874  0.046
2458073.91120819  19.696  0.038
2458073.91120819  15.962  0.002
2458073.91120819  17.098  0.005
2458073.91155545  19.681  0.039
2458073.91155545  19.281  0.027
2458073.91155545  19.854  0.044
2458073.91155545  19.708  0.038
2458073.91155545  15.957  0.003
2458073.91155545  17.088  0.005
2458073.91190274  19.697  0.039
2458073.91190274  19.272  0.026
2458073.91190274  19.803  0.044
2458073.91190274  19.783  0.042
2458073.91190274  15.953  0.002
2458073.91190274  17.072  0.005
2458073.91225  19.628  0.037
2458073.91225  19.282  0.027
2458073.91225  19.883  0.048
2458073.91225  19.671  0.037
2458073.91225  15.957  0.002
2458073.91225  17.081  0.005
2458073.91259722  19.638  0.035
2458073.91259722  19.323  0.028
2458073.91259722  19.821  0.043
2458073.91259722  19.736  0.039
2458073.91259722  15.956  0.003
2458073.91259722  17.077  0.005
2458073.91294448  19.616  0.035
2458073.91294448  19.293  0.027
2458073.91294448  19.847  0.045
2458073.91294448  19.718  0.040
2458073.91294448  15.947  0.002
2458073.91294448  17.081  0.005
2458073.91329174  19.669  0.038
2458073.91329174  19.242  0.026
2458073.91329174  19.918  0.047
2458073.91329174  19.774  0.041
2458073.91329174  15.957  0.002
2458073.91329174  17.082  0.005
2458073.91363897  19.638  0.036
2458073.91363897  19.278  0.026
2458073.91363897  19.768  0.040
2458073.91363897  19.661  0.037
2458073.91363897  15.959  0.002
2458073.91363897  17.078  0.005
2458073.91398623  19.663  0.037
2458073.91398623  19.330  0.029
2458073.91398623  19.852  0.046
2458073.91398623  19.762  0.040
2458073.91398623  15.942  0.002
2458073.91398623  17.070  0.005
2458073.91433348  19.681  0.039
2458073.91433348  19.300  0.027
2458073.91433348  19.765  0.041
2458073.91433348  19.745  0.040
2458073.91433348  15.961  0.002
2458073.91433348  17.091  0.005
2458073.91468077  19.669  0.037
2458073.91468077  19.250  0.027
2458073.91468077  19.844  0.044
2458073.91468077  19.771  0.041
2458073.91468077  15.960  0.002
2458073.91468077  17.086  0.005
2458073.915028  19.696  0.039
2458073.915028  19.293  0.027
2458073.915028  19.805  0.044
2458073.915028  19.738  0.040
2458073.915028  15.947  0.002
2458073.915028  17.083  0.005
2458073.91537526  19.688  0.040
2458073.91537526  19.275  0.027
2458073.91537526  19.822  0.042
2458073.91537526  19.720  0.039
2458073.91537526  15.951  0.002
2458073.91537526  17.068  0.005
2458073.91572252  19.962  0.048
2458073.91572252  19.322  0.028
2458073.91572252  19.806  0.043
2458073.91572252  19.671  0.038
2458073.91572252  15.958  0.002
2458073.91572252  17.082  0.005
2458073.91606974  19.756  0.039
2458073.91606974  19.259  0.026
2458073.91606974  19.900  0.046
2458073.91606974  19.710  0.041
2458073.91606974  15.955  0.002
2458073.91606974  17.077  0.005
2458073.916417  19.647  0.038
2458073.916417  19.254  0.026
2458073.916417  19.827  0.043
2458073.916417  19.710  0.037
2458073.916417  15.952  0.002
2458073.916417  17.065  0.005
2458073.91676426  19.722  0.039
2458073.91676426  19.284  0.027
2458073.91676426  19.849  0.045
2458073.91676426  19.711  0.039
2458073.91676426  15.953  0.002
2458073.91676426  17.077  0.005
2458073.91711155  19.662  0.036
2458073.91711155  19.231  0.026
2458073.91711155  19.843  0.042
2458073.91711155  19.832  0.043
2458073.91711155  15.976  0.003
2458073.91711155  17.098  0.005
2458073.91745878  19.665  0.037
2458073.91745878  19.244  0.026
2458073.91745878  19.876  0.043
2458073.91745878  19.626  0.036
2458073.91745878  15.945  0.003
2458073.91745878  17.067  0.005
2458073.91780604  19.640  0.035
2458073.91780604  19.265  0.026
2458073.91780604  19.752  0.040
2458073.91780604  19.730  0.038
2458073.91780604  15.940  0.002
2458073.91780604  17.060  0.005
2458073.91815329  19.650  0.035
2458073.91815329  19.279  0.027
2458073.91815329  19.887  0.046
2458073.91815329  19.731  0.040
2458073.91815329  15.942  0.002
2458073.91815329  17.068  0.005
2458073.91850052  19.699  0.037
2458073.91850052  19.227  0.024
2458073.91850052  19.804  0.041
2458073.91850052  19.686  0.037
2458073.91850052  15.946  0.002
2458073.91850052  17.067  0.005
2458073.91884778  19.613  0.035
2458073.91884778  19.276  0.026
2458073.91884778  19.784  0.040
2458073.91884778  19.678  0.036
2458073.91884778  15.938  0.002
2458073.91884778  17.071  0.005
2458073.91919504  19.709  0.038
2458073.91919504  19.288  0.027
2458073.91919504  19.819  0.042
2458073.91919504  19.692  0.038
2458073.91919504  15.951  0.002
2458073.91919504  17.079  0.005
2458073.91954227  19.646  0.035
2458073.91954227  19.279  0.026
2458073.91954227  19.860  0.043
2458073.91954227  19.766  0.039
2458073.91954227  15.946  0.002
2458073.91954227  17.065  0.005
2458073.91988955  19.671  0.037
2458073.91988955  19.277  0.027
2458073.91988955  19.828  0.043
2458073.91988955  19.732  0.038
2458073.91988955  15.936  0.002
2458073.91988955  17.075  0.005
2458073.92023681  19.664  0.038
2458073.92023681  19.251  0.027
2458073.92023681  19.758  0.040
2458073.92023681  19.758  0.039
2458073.92023681  15.934  0.002
2458073.92023681  17.050  0.005
2458073.92058407  19.629  0.036
2458073.92058407  19.288  0.027
2458073.92058407  19.851  0.042
2458073.92058407  19.700  0.037
2458073.92058407  15.926  0.002
2458073.92058407  17.049  0.005
2458073.9209313  19.609  0.035
2458073.9209313  19.224  0.026
2458073.9209313  19.837  0.043
2458073.9209313  19.747  0.039
2458073.9209313  15.943  0.002
2458073.9209313  17.062  0.005
2458073.92127856  19.592  0.034
2458073.92127856  19.255  0.026
2458073.92127856  19.808  0.042
2458073.92127856  19.771  0.040
2458073.92127856  15.944  0.002
2458073.92127856  17.068  0.005
2458073.92162581  19.649  0.035
2458073.92162581  19.292  0.026
2458073.92162581  19.805  0.042
2458073.92162581  19.696  0.036
2458073.92162581  15.937  0.002
2458073.92162581  17.060  0.005
2458073.92197304  19.700  0.035
2458073.92197304  19.269  0.025
2458073.92197304  19.872  0.045
2458073.92197304  19.752  0.039
2458073.92197304  15.951  0.002
2458073.92197304  17.091  0.005
2458073.92232033  19.701  0.038
2458073.92232033  19.361  0.028
2458073.92232033  19.875  0.043
2458073.92232033  19.758  0.040
2458073.92232033  15.960  0.002
2458073.92232033  17.077  0.005
2458073.92266759  19.623  0.036
2458073.92266759  19.266  0.026
2458073.92266759  19.755  0.040
2458073.92266759  19.666  0.037
2458073.92266759  15.938  0.002
2458073.92266759  17.069  0.005
2458073.92301485  19.616  0.035
2458073.92301485  19.314  0.027
2458073.92301485  19.767  0.040
2458073.92301485  19.718  0.038
2458073.92301485  15.936  0.002
2458073.92301485  17.063  0.005
2458073.92336208  19.679  0.037
2458073.92336208  19.278  0.026
2458073.92336208  19.845  0.046
2458073.92336208  19.750  0.040
2458073.92336208  15.948  0.002
2458073.92336208  17.070  0.005
2458073.92370933  19.666  0.036
2458073.92370933  19.288  0.025
2458073.92370933  19.885  0.044
2458073.92370933  19.750  0.039
2458073.92370933  15.954  0.002
2458073.92370933  17.082  0.005
2458073.92405659  19.697  0.037
2458073.92405659  19.336  0.028
2458073.92405659  19.878  0.044
2458073.92405659  19.766  0.039
2458073.92405659  15.976  0.002
2458073.92405659  17.096  0.005
2458073.92440382  19.747  0.038
2458073.92440382  19.291  0.026
2458073.92440382  19.815  0.040
2458073.92440382  19.775  0.038
2458073.92440382  15.985  0.003
2458073.92440382  17.117  0.005
2458073.92475108  19.802  0.039
2458073.92475108  19.354  0.027
2458073.92475108  19.970  0.047
2458073.92475108  19.779  0.038
2458073.92475108  16.042  0.003
2458073.92475108  17.181  0.005
2458073.92509837  19.670  0.036
2458073.92509837  19.293  0.025
2458073.92509837  19.902  0.044
2458073.92509837  19.786  0.039
2458073.92509837  15.986  0.003
2458073.92509837  17.108  0.005
2458073.92544562  19.640  0.035
2458073.92544562  19.239  0.025
2458073.92544562  19.861  0.043
2458073.92544562  19.713  0.037
2458073.92544562  15.975  0.002
2458073.92544562  17.102  0.005
2458073.92579285  19.686  0.037
2458073.92579285  19.279  0.026
2458073.92579285  19.866  0.043
2458073.92579285  19.717  0.038
2458073.92579285  15.966  0.002
2458073.92579285  17.094  0.005
2458073.92614011  19.665  0.039
2458073.92614011  19.276  0.025
2458073.92614011  19.913  0.045
2458073.92614011  19.766  0.037
2458073.92614011  15.965  0.002
2458073.92614011  17.080  0.005
2458073.92648737  19.630  0.036
2458073.92648737  19.275  0.026
2458073.92648737  19.908  0.044
2458073.92648737  19.788  0.041
2458073.92648737  15.964  0.002
2458073.92648737  17.092  0.005
2458073.9268346  19.682  0.037
2458073.9268346  19.314  0.026
2458073.9268346  19.801  0.041
2458073.9268346  19.730  0.037
2458073.9268346  15.976  0.002
2458073.9268346  17.102  0.005
2458073.92718185  19.693  0.036
2458073.92718185  19.349  0.027
2458073.92718185  19.854  0.044
2458073.92718185  19.809  0.040
2458073.92718185  16.003  0.003
2458073.92718185  17.123  0.005
2458073.92752914  19.609  0.035
2458073.92752914  19.250  0.025
2458073.92752914  19.855  0.044
2458073.92752914  19.721  0.038
2458073.92752914  15.964  0.002
2458073.92752914  17.093  0.005
2458073.9278764  19.693  0.037
2458073.9278764  19.277  0.026
2458073.9278764  19.839  0.044
2458073.9278764  19.706  0.036
2458073.9278764  15.959  0.002
2458073.9278764  17.088  0.005
2458073.92822363  19.671  0.037
2458073.92822363  19.273  0.025
2458073.92822363  19.802  0.040
2458073.92822363  19.756  0.038
2458073.92822363  15.966  0.002
2458073.92822363  17.090  0.005
2458073.92857089  19.672  0.037
2458073.92857089  19.297  0.025
2458073.92857089  19.826  0.043
2458073.92857089  19.735  0.038
2458073.92857089  15.967  0.002
2458073.92857089  17.092  0.005
2458073.92891815  19.668  0.036
2458073.92891815  19.229  0.025
2458073.92891815  19.855  0.043
2458073.92891815  19.748  0.038
2458073.92891815  15.952  0.002
2458073.92891815  17.082  0.005
2458073.92926537  19.688  0.035
2458073.92926537  19.261  0.025
2458073.92926537  19.805  0.041
2458073.92926537  19.774  0.040
2458073.92926537  15.957  0.002
2458073.92926537  17.088  0.005
2458073.92961263  19.708  0.038
2458073.92961263  19.307  0.026
2458073.92961263  19.992  0.051
2458073.92961263  19.674  0.036
2458073.92961263  15.976  0.002
2458073.92961263  17.098  0.005
2458073.92995989  19.730  0.038
2458073.92995989  19.297  0.026
2458073.92995989  19.841  0.043
2458073.92995989  19.765  0.039
2458073.92995989  15.995  0.003
2458073.92995989  17.125  0.005
2458073.93030718  19.754  0.040
2458073.93030718  19.299  0.025
2458073.93030718  19.848  0.042
2458073.93030718  19.740  0.039
2458073.93030718  15.995  0.003
2458073.93030718  17.133  0.005
2458073.93065441  19.769  0.039
2458073.93065441  19.283  0.026
2458073.93065441  19.853  0.041
2458073.93065441  19.678  0.038
2458073.93065441  15.987  0.002
2458073.93065441  17.098  0.005
2458073.93100166  19.647  0.036
2458073.93100166  19.281  0.026
2458073.93100166  19.879  0.043
2458073.93100166  19.717  0.037
2458073.93100166  15.953  0.002
2458073.93100166  17.089  0.005
2458073.93134892  19.752  0.039
2458073.93134892  19.292  0.026
2458073.93134892  19.810  0.040
2458073.93134892  19.702  0.037
2458073.93134892  15.964  0.002
2458073.93134892  17.101  0.005
2458073.93169615  19.684  0.036
2458073.93169615  19.287  0.027
2458073.93169615  19.849  0.043
2458073.93169615  19.691  0.037
2458073.93169615  15.941  0.002
2458073.93169615  17.061  0.005
2458073.93204341  19.693  0.036
2458073.93204341  19.275  0.026
2458073.93204341  19.866  0.042
2458073.93204341  19.750  0.037
2458073.93204341  15.949  0.002
2458073.93204341  17.074  0.005
2458073.93239067  19.647  0.034
2458073.93239067  19.314  0.026
2458073.93239067  19.874  0.042
2458073.93239067  19.784  0.040
2458073.93239067  15.974  0.002
2458073.93239067  17.098  0.005
2458073.93273795  19.691  0.036
2458073.93273795  19.290  0.027
2458073.93273795  19.934  0.045
2458073.93273795  19.682  0.035
2458073.93273795  15.979  0.002
2458073.93273795  17.114  0.005
2458073.93308518  19.720  0.037
2458073.93308518  19.277  0.026
2458073.93308518  19.921  0.044
2458073.93308518  19.787  0.038
2458073.93308518  15.971  0.002
2458073.93308518  17.101  0.005
2458073.93343244  19.669  0.035
2458073.93343244  19.312  0.026
2458073.93343244  19.899  0.043
2458073.93343244  19.757  0.037
2458073.93343244  15.976  0.002
2458073.93343244  17.107  0.005
2458073.9337797  19.621  0.034
2458073.9337797  19.298  0.026
2458073.9337797  19.919  0.044
2458073.9337797  19.762  0.038
2458073.9337797  15.990  0.002
2458073.9337797  17.122  0.005
2458073.93412693  19.687  0.036
2458073.93412693  19.269  0.025
2458073.93412693  19.874  0.042
2458073.93412693  19.736  0.038
2458073.93412693  15.960  0.002
2458073.93412693  17.095  0.005
2458073.93447419  19.690  0.035
2458073.93447419  19.361  0.026
2458073.93447419  19.845  0.041
2458073.93447419  19.824  0.039
2458073.93447419  15.980  0.002
2458073.93447419  17.118  0.005
2458073.93482144  19.674  0.037
2458073.93482144  19.348  0.027
2458073.93482144  19.886  0.045
2458073.93482144  19.712  0.037
2458073.93482144  15.978  0.002
2458073.93482144  17.107  0.005
2458073.93516867  19.679  0.037
2458073.93516867  19.238  0.025
2458073.93516867  19.832  0.040
2458073.93516867  19.751  0.038
2458073.93516867  15.962  0.002
2458073.93516867  17.093  0.005
2458073.93551596  19.627  0.035
2458073.93551596  19.290  0.026
2458073.93551596  19.886  0.042
2458073.93551596  19.708  0.034
2458073.93551596  15.975  0.002
2458073.93551596  17.108  0.005
2458073.93586322  19.709  0.036
2458073.93586322  19.342  0.027
2458073.93586322  19.818  0.040
2458073.93586322  19.714  0.037
2458073.93586322  15.968  0.002
2458073.93586322  17.097  0.005
2458073.93621048  19.685  0.037
2458073.93621048  19.258  0.025
2458073.93621048  19.833  0.042
2458073.93621048  19.701  0.038
2458073.93621048  15.969  0.002
2458073.93621048  17.095  0.005
2458073.9365577  19.719  0.037
2458073.9365577  19.317  0.026
2458073.9365577  19.894  0.043
2458073.9365577  19.710  0.037
2458073.9365577  15.981  0.003
2458073.9365577  17.108  0.005
2458073.93690496  19.645  0.035
2458073.93690496  19.251  0.025
2458073.93690496  19.902  0.043
2458073.93690496  19.747  0.038
2458073.93690496  15.959  0.002
2458073.93690496  17.083  0.005
2458073.93725222  19.675  0.036
2458073.93725222  19.290  0.026
2458073.93725222  19.887  0.043
2458073.93725222  19.709  0.037
2458073.93725222  15.947  0.002
2458073.93725222  17.068  0.005
2458073.93759945  19.689  0.036
2458073.93759945  19.286  0.025
2458073.93759945  19.756  0.040
2458073.93759945  19.733  0.037
2458073.93759945  15.949  0.002
2458073.93759945  17.070  0.005
2458073.93794674  19.652  0.034
2458073.93794674  19.289  0.026
2458073.93794674  19.901  0.043
2458073.93794674  19.701  0.036
2458073.93794674  15.954  0.002
2458073.93794674  17.081  0.005
2458073.93829399  19.693  0.036
2458073.93829399  19.264  0.024
2458073.93829399  19.845  0.041
2458073.93829399  19.712  0.038
2458073.93829399  15.966  0.002
2458073.93829399  17.095  0.005
2458073.93864125  19.712  0.037
2458073.93864125  19.312  0.026
2458073.93864125  19.893  0.043
2458073.93864125  19.753  0.036
2458073.93864125  15.977  0.002
2458073.93864125  17.102  0.005
2458073.93898848  19.741  0.036
2458073.93898848  19.317  0.026
2458073.93898848  19.943  0.046
2458073.93898848  19.785  0.039
2458073.93898848  15.978  0.002
2458073.93898848  17.106  0.005
2458073.93933574  19.679  0.036
2458073.93933574  19.257  0.025
2458073.93933574  19.810  0.040
2458073.93933574  19.702  0.038
2458073.93933574  15.959  0.002
2458073.93933574  17.081  0.005
2458073.939683  19.581  0.033
2458073.939683  19.250  0.024
2458073.939683  19.776  0.039
2458073.939683  19.751  0.039
2458073.939683  15.939  0.002
2458073.939683  17.068  0.005
2458073.94003023  19.652  0.034
2458073.94003023  19.282  0.026
2458073.94003023  19.830  0.041
2458073.94003023  19.706  0.036
2458073.94003023  15.944  0.002
2458073.94003023  17.072  0.005
2458073.94037748  19.683  0.035
2458073.94037748  19.246  0.025
2458073.94037748  19.763  0.039
2458073.94037748  19.646  0.035
2458073.94037748  15.940  0.002
2458073.94037748  17.068  0.005
2458073.94072477  19.680  0.035
2458073.94072477  19.306  0.026
2458073.94072477  19.823  0.040
2458073.94072477  19.698  0.037
2458073.94072477  15.951  0.002
2458073.94072477  17.076  0.005
2458073.94107203  19.660  0.036
2458073.94107203  19.267  0.025
2458073.94107203  19.831  0.041
2458073.94107203  19.643  0.035
2458073.94107203  15.945  0.002
2458073.94107203  17.073  0.005
2458073.94141926  19.679  0.035
2458073.94141926  19.271  0.025
2458073.94141926  19.840  0.042
2458073.94141926  19.669  0.034
2458073.94141926  15.979  0.003
2458073.94141926  17.100  0.005
2458073.94176652  19.668  0.035
2458073.94176652  19.297  0.026
2458073.94176652  19.915  0.042
2458073.94176652  19.700  0.035
2458073.94176652  15.959  0.002
2458073.94176652  17.080  0.005
2458073.94211377  19.647  0.035
2458073.94211377  19.382  0.028
2458073.94211377  19.869  0.043
2458073.94211377  19.702  0.036
2458073.94211377  15.978  0.002
2458073.94211377  17.102  0.005
2458073.942461  19.771  0.040
2458073.942461  19.278  0.025
2458073.942461  19.816  0.041
2458073.942461  19.724  0.039
2458073.942461  15.976  0.002
2458073.942461  17.100  0.005
2458073.94280826  19.671  0.036
2458073.94280826  19.345  0.027
2458073.94280826  19.811  0.042
2458073.94280826  19.814  0.041
2458073.94280826  16.004  0.003
2458073.94280826  17.128  0.005
2458073.94315555  19.657  0.036
2458073.94315555  19.293  0.025
2458073.94315555  19.805  0.040
2458073.94315555  19.746  0.038
2458073.94315555  15.960  0.002
2458073.94315555  17.088  0.005
2458073.94350281  19.750  0.038
2458073.94350281  19.286  0.027
2458073.94350281  19.832  0.041
2458073.94350281  19.730  0.036
2458073.94350281  15.967  0.002
2458073.94350281  17.099  0.005
2458073.94385004  19.945  0.045
2458073.94385004  19.287  0.025
2458073.94385004  19.834  0.041
2458073.94385004  19.792  0.040
2458073.94385004  15.974  0.002
2458073.94385004  17.108  0.005
2458073.94419729  19.812  0.040
2458073.94419729  19.311  0.026
2458073.94419729  19.903  0.042
2458073.94419729  19.813  0.040
2458073.94419729  16.005  0.003
2458073.94419729  17.135  0.005
2458073.94454455  19.677  0.035
2458073.94454455  19.298  0.026
2458073.94454455  19.820  0.041
2458073.94454455  19.674  0.036
2458073.94454455  15.992  0.003
2458073.94454455  17.121  0.005
2458073.94489178  19.722  0.037
2458073.94489178  19.305  0.026
2458073.94489178  19.815  0.039
2458073.94489178  19.715  0.037
2458073.94489178  15.989  0.003
2458073.94489178  17.132  0.005
2458073.94523904  19.710  0.036
2458073.94523904  19.340  0.027
2458073.94523904  19.860  0.043
2458073.94523904  19.785  0.039
2458073.94523904  15.978  0.002
2458073.94523904  17.109  0.005
2458073.9455863  19.710  0.037
2458073.9455863  19.296  0.026
2458073.9455863  19.954  0.046
2458073.9455863  19.761  0.037
2458073.9455863  15.970  0.002
2458073.9455863  17.111  0.005
2458073.94593358  19.623  0.035
2458073.94593358  19.305  0.025
2458073.94593358  19.824  0.041
2458073.94593358  19.736  0.037
2458073.94593358  15.985  0.002
2458073.94593358  17.115  0.005
2458073.94628081  19.762  0.039
2458073.94628081  19.333  0.026
2458073.94628081  19.885  0.043
2458073.94628081  19.788  0.038
2458073.94628081  16.000  0.003
2458073.94628081  17.125  0.005
2458073.94662807  19.771  0.038
2458073.94662807  19.327  0.027
2458073.94662807  19.903  0.045
2458073.94662807  19.799  0.038
2458073.94662807  16.022  0.003
2458073.94662807  17.156  0.005
2458073.94697533  19.689  0.037
2458073.94697533  19.333  0.025
2458073.94697533  19.883  0.044
2458073.94697533  19.746  0.037
2458073.94697533  15.987  0.003
2458073.94697533  17.112  0.005
2458073.94732256  19.713  0.037
2458073.94732256  19.323  0.026
2458073.94732256  19.849  0.041
2458073.94732256  19.757  0.038
2458073.94732256  15.961  0.002
2458073.94732256  17.085  0.005
2458073.94766981  19.599  0.033
2458073.94766981  19.322  0.026
2458073.94766981  19.843  0.042
2458073.94766981  19.744  0.038
2458073.94766981  15.955  0.002
2458073.94766981  17.078  0.005
2458073.94801707  19.686  0.036
2458073.94801707  19.265  0.024
2458073.94801707  19.798  0.040
2458073.94801707  19.678  0.035
2458073.94801707  15.942  0.002
2458073.94801707  17.074  0.005
2458073.94836436  19.620  0.033
2458073.94836436  19.338  0.028
2458073.94836436  19.865  0.042
2458073.94836436  19.720  0.037
2458073.94836436  15.962  0.002
2458073.94836436  17.095  0.005
2458073.94871159  19.630  0.035
2458073.94871159  19.312  0.025
2458073.94871159  19.864  0.043
2458073.94871159  19.717  0.036
2458073.94871159  15.963  0.002
2458073.94871159  17.100  0.005
2458073.94905885  19.659  0.035
2458073.94905885  19.310  0.026
2458073.94905885  19.898  0.044
2458073.94905885  19.683  0.036
2458073.94905885  15.956  0.002
2458073.94905885  17.072  0.005
2458073.9494061  19.635  0.034
2458073.9494061  19.294  0.026
2458073.9494061  19.798  0.041
2458073.9494061  19.785  0.040
2458073.9494061  15.972  0.002
2458073.9494061  17.100  0.005
2458073.94975333  19.640  0.035
2458073.94975333  19.304  0.025
2458073.94975333  19.851  0.041
2458073.94975333  19.693  0.034
2458073.94975333  15.967  0.002
2458073.94975333  17.091  0.005
2458073.95010059  19.681  0.035
2458073.95010059  19.330  0.027
2458073.95010059  19.918  0.045
2458073.95010059  19.712  0.036
2458073.95010059  15.966  0.002
2458073.95010059  17.086  0.005
2458073.95044785  19.696  0.037
2458073.95044785  19.343  0.027
2458073.95044785  19.823  0.041
2458073.95044785  19.753  0.038
2458073.95044785  15.970  0.002
2458073.95044785  17.101  0.005
2458073.95079508  19.737  0.037
2458073.95079508  19.285  0.026
2458073.95079508  19.883  0.042
2458073.95079508  19.729  0.036
2458073.95079508  15.968  0.002
2458073.95079508  17.096  0.005
2458073.95114236  19.665  0.035
2458073.95114236  19.286  0.027
2458073.95114236  19.850  0.041
2458073.95114236  19.685  0.036
2458073.95114236  15.960  0.002
2458073.95114236  17.096  0.005
2458073.95148962  19.596  0.032
2458073.95148962  19.297  0.026
2458073.95148962  19.832  0.043
2458073.95148962  19.767  0.039
2458073.95148962  15.961  0.002
2458073.95148962  17.094  0.005
2458073.95183688  19.718  0.037
2458073.95183688  19.320  0.027
2458073.95183688  19.945  0.045
2458073.95183688  19.825  0.041
2458073.95183688  16.017  0.003
2458073.95183688  17.149  0.005
2458073.95218411  19.679  0.036
2458073.95218411  19.331  0.027
2458073.95218411  19.839  0.041
2458073.95218411  19.732  0.036
2458073.95218411  15.984  0.002
2458073.95218411  17.112  0.005
2458073.95253137  19.699  0.036
2458073.95253137  19.325  0.026
2458073.95253137  19.812  0.038
2458073.95253137  19.736  0.038
2458073.95253137  15.978  0.002
2458073.95253137  17.106  0.005
2458073.95287863  19.625  0.033
2458073.95287863  19.275  0.026
2458073.95287863  19.865  0.042
2458073.95287863  19.761  0.038
2458073.95287863  15.967  0.002
2458073.95287863  17.104  0.005
2458073.95322585  19.670  0.036
2458073.95322585  19.241  0.024
2458073.95322585  19.808  0.039
2458073.95322585  19.738  0.037
2458073.95322585  15.953  0.002
2458073.95322585  17.089  0.005
2458073.95357314  19.643  0.034
2458073.95357314  19.293  0.026
2458073.95357314  19.793  0.041
2458073.95357314  19.749  0.038
2458073.95357314  15.952  0.002
2458073.95357314  17.086  0.005
2458073.9539204  19.617  0.033
2458073.9539204  19.281  0.026
2458073.9539204  19.755  0.038
2458073.9539204  19.669  0.035
2458073.9539204  15.942  0.002
2458073.9539204  17.069  0.005
2458073.95426766  19.686  0.037
2458073.95426766  19.311  0.026
2458073.95426766  19.916  0.043
2458073.95426766  19.716  0.036
2458073.95426766  15.958  0.002
2458073.95426766  17.092  0.005
2458073.95461489  19.689  0.036
2458073.95461489  19.242  0.024
2458073.95461489  19.839  0.041
2458073.95461489  19.747  0.038
2458073.95461489  15.957  0.002
2458073.95461489  17.081  0.005
2458073.95496214  19.676  0.037
2458073.95496214  19.257  0.025
2458073.95496214  19.938  0.043
2458073.95496214  19.735  0.037
2458073.95496214  15.965  0.002
2458073.95496214  17.095  0.005
2458073.9553094  19.655  0.035
2458073.9553094  19.299  0.025
2458073.9553094  19.837  0.040
2458073.9553094  19.777  0.039
2458073.9553094  15.958  0.002
2458073.9553094  17.083  0.005
2458073.95565663  19.653  0.035
2458073.95565663  19.260  0.025
2458073.95565663  19.821  0.040
2458073.95565663  19.649  0.034
2458073.95565663  15.948  0.002
2458073.95565663  17.079  0.005
2458073.95600389  19.576  0.033
2458073.95600389  19.237  0.025
2458073.95600389  19.916  0.045
2458073.95600389  19.768  0.039
2458073.95600389  15.938  0.002
2458073.95600389  17.059  0.005
2458073.95635118  19.667  0.036
2458073.95635118  19.302  0.026
2458073.95635118  19.779  0.041
2458073.95635118  19.684  0.035
2458073.95635118  15.933  0.002
2458073.95635118  17.056  0.005
2458073.95669844  19.636  0.035
2458073.95669844  19.356  0.028
2458073.95669844  19.883  0.042
2458073.95669844  19.746  0.037
2458073.95669844  15.972  0.002
2458073.95669844  17.097  0.005
2458073.95704566  19.690  0.036
2458073.95704566  19.304  0.026
2458073.95704566  19.912  0.044
2458073.95704566  19.756  0.037
2458073.95704566  15.979  0.003
2458073.95704566  17.113  0.005
2458073.95739292  19.678  0.036
2458073.95739292  19.277  0.026
2458073.95739292  19.891  0.043
2458073.95739292  19.743  0.037
2458073.95739292  15.967  0.002
2458073.95739292  17.094  0.005
2458073.95774018  19.718  0.035
2458073.95774018  19.266  0.025
2458073.95774018  19.900  0.043
2458073.95774018  19.711  0.036
2458073.95774018  15.957  0.002
2458073.95774018  17.082  0.005
2458073.95808741  19.627  0.035
2458073.95808741  19.286  0.025
2458073.95808741  19.879  0.045
2458073.95808741  19.755  0.037
2458073.95808741  15.958  0.002
2458073.95808741  17.082  0.005
2458073.95843467  19.664  0.035
2458073.95843467  19.317  0.026
2458073.95843467  19.834  0.042
2458073.95843467  19.750  0.038
2458073.95843467  15.955  0.002
2458073.95843467  17.083  0.005
2458073.95878195  19.673  0.035
2458073.95878195  19.312  0.026
2458073.95878195  19.911  0.046
2458073.95878195  19.711  0.037
2458073.95878195  15.978  0.002
2458073.95878195  17.102  0.005
2458073.95912921  19.663  0.034
2458073.95912921  19.307  0.027
2458073.95912921  19.892  0.044
2458073.95912921  19.720  0.036
2458073.95912921  15.978  0.002
2458073.95912921  17.100  0.005
2458073.95947644  19.641  0.036
2458073.95947644  19.331  0.026
2458073.95947644  19.869  0.044
2458073.95947644  19.718  0.036
2458073.95947644  15.967  0.002
2458073.95947644  17.093  0.005
2458073.9598237  19.646  0.034
2458073.9598237  19.282  0.026
2458073.9598237  19.928  0.045
2458073.9598237  19.815  0.041
2458073.9598237  15.989  0.002
2458073.9598237  17.127  0.005
2458073.96017096  19.662  0.034
2458073.96017096  19.326  0.027
2458073.96017096  19.909  0.044
2458073.96017096  19.742  0.037
2458073.96017096  15.972  0.002
2458073.96017096  17.101  0.005
2458073.96051818  19.716  0.037
2458073.96051818  19.278  0.025
2458073.96051818  19.888  0.041
2458073.96051818  19.774  0.038
2458073.96051818  15.978  0.002
2458073.96051818  17.112  0.005
2458073.96086544  19.686  0.036
2458073.96086544  19.315  0.026
2458073.96086544  19.882  0.042
2458073.96086544  19.739  0.036
2458073.96086544  15.975  0.002
2458073.96086544  17.107  0.005
2458073.9612127  19.662  0.035
2458073.9612127  19.318  0.027
2458073.9612127  19.900  0.043
2458073.9612127  19.717  0.036
2458073.9612127  15.986  0.003
2458073.9612127  17.110  0.005
2458073.96155999  19.674  0.036
2458073.96155999  19.296  0.026
2458073.96155999  19.930  0.046
2458073.96155999  19.701  0.035
2458073.96155999  15.963  0.002
2458073.96155999  17.091  0.005
2458073.96190722  19.659  0.033
2458073.96190722  19.343  0.027
2458073.96190722  19.823  0.041
2458073.96190722  19.746  0.037
2458073.96190722  15.951  0.002
2458073.96190722  17.079  0.005
2458073.96225448  19.747  0.038
2458073.96225448  19.296  0.025
2458073.96225448  19.853  0.043
2458073.96225448  19.801  0.040
2458073.96225448  15.998  0.003
2458073.96225448  17.134  0.005
2458073.96260173  19.714  0.037
2458073.96260173  19.340  0.026
2458073.96260173  19.871  0.042
2458073.96260173  19.785  0.040
2458073.96260173  16.007  0.003
2458073.96260173  17.136  0.005
2458073.96294896  19.667  0.035
2458073.96294896  19.290  0.025
2458073.96294896  19.770  0.038
2458073.96294896  19.765  0.038
2458073.96294896  15.979  0.002
2458073.96294896  17.101  0.005
2458073.96329622  19.652  0.036
2458073.96329622  19.256  0.025
2458073.96329622  19.792  0.039
2458073.96329622  19.802  0.040
2458073.96329622  15.972  0.003
2458073.96329622  17.098  0.005
2458073.96364348  19.732  0.037
2458073.96364348  19.291  0.026
2458073.96364348  19.857  0.042
2458073.96364348  19.798  0.039
2458073.96364348  15.976  0.002
2458073.96364348  17.109  0.005
2458073.96399077  19.675  0.036
2458073.96399077  19.374  0.027
2458073.96399077  19.874  0.043
2458073.96399077  19.800  0.040
2458073.96399077  15.997  0.003
2458073.96399077  17.134  0.005
2458073.96433799  19.664  0.036
2458073.96433799  19.302  0.025
2458073.96433799  19.797  0.042
2458073.96433799  19.751  0.039
2458073.96433799  15.986  0.003
2458073.96433799  17.112  0.005
2458073.96468525  19.687  0.036
2458073.96468525  19.262  0.026
2458073.96468525  19.806  0.040
2458073.96468525  19.703  0.038
2458073.96468525  15.966  0.002
2458073.96468525  17.101  0.005
2458073.96503251  19.664  0.036
2458073.96503251  19.346  0.028
2458073.96503251  19.929  0.043
2458073.96503251  19.705  0.036
2458073.96503251  15.976  0.002
2458073.96503251  17.109  0.005
2458073.96537974  19.736  0.036
2458073.96537974  19.371  0.028
2458073.96537974  19.915  0.045
2458073.96537974  19.904  0.044
2458073.96537974  16.054  0.003
2458073.96537974  17.188  0.005
2458073.965727  19.766  0.039
2458073.965727  19.337  0.027
2458073.965727  19.947  0.044
2458073.965727  19.807  0.040
2458073.965727  16.031  0.003
2458073.965727  17.161  0.005
2458073.96607425  19.664  0.034
2458073.96607425  19.248  0.024
2458073.96607425  19.918  0.044
2458073.96607425  19.700  0.036
2458073.96607425  15.967  0.002
2458073.96607425  17.103  0.005
2458073.96642148  19.676  0.035
2458073.96642148  19.257  0.025
2458073.96642148  19.797  0.040
2458073.96642148  19.738  0.037
2458073.96642148  15.954  0.002
2458073.96642148  17.093  0.005
2458073.96676877  19.699  0.035
2458073.96676877  19.290  0.026
2458073.96676877  19.826  0.041
2458073.96676877  19.748  0.037
2458073.96676877  15.962  0.002
2458073.96676877  17.086  0.005
2458073.96711603  19.662  0.033
2458073.96711603  19.244  0.025
2458073.96711603  19.840  0.042
2458073.96711603  19.747  0.036
2458073.96711603  15.953  0.002
2458073.96711603  17.086  0.005
2458073.96746329  19.614  0.034
2458073.96746329  19.285  0.025
2458073.96746329  19.770  0.039
2458073.96746329  19.727  0.036
2458073.96746329  15.937  0.002
2458073.96746329  17.062  0.005
2458073.96781051  19.767  0.040
2458073.96781051  19.280  0.026
2458073.96781051  19.865  0.042
2458073.96781051  19.712  0.036
2458073.96781051  15.954  0.002
2458073.96781051  17.081  0.005
2458073.96815777  19.749  0.038
2458073.96815777  19.313  0.026
2458073.96815777  19.858  0.043
2458073.96815777  19.747  0.037
2458073.96815777  15.974  0.002
2458073.96815777  17.106  0.005
2458073.96850503  19.682  0.035
2458073.96850503  19.313  0.026
2458073.96850503  19.799  0.040
2458073.96850503  19.803  0.041
2458073.96850503  15.965  0.002
2458073.96850503  17.101  0.005
2458073.96885226  19.598  0.034
2458073.96885226  19.250  0.025
2458073.96885226  19.873  0.042
2458073.96885226  19.667  0.034
2458073.96885226  15.952  0.002
2458073.96885226  17.083  0.005
2458073.96919955  19.693  0.036
2458073.96919955  19.386  0.027
2458073.96919955  19.818  0.040
2458073.96919955  19.750  0.038
2458073.96919955  15.960  0.002
2458073.96919955  17.099  0.005
2458073.96954681  19.689  0.036
2458073.96954681  19.311  0.027
2458073.96954681  19.769  0.039
2458073.96954681  19.740  0.038
2458073.96954681  15.958  0.002
2458073.96954681  17.084  0.005
2458073.96989406  19.654  0.034
2458073.96989406  19.338  0.027
2458073.96989406  19.872  0.042
2458073.96989406  19.743  0.037
2458073.96989406  15.968  0.002
2458073.96989406  17.096  0.005
2458073.97024129  19.687  0.035
2458073.97024129  19.264  0.025
2458073.97024129  19.790  0.039
2458073.97024129  19.782  0.040
2458073.97024129  15.948  0.002
2458073.97024129  17.075  0.005
2458073.97058855  19.654  0.034
2458073.97058855  19.276  0.024
2458073.97058855  19.801  0.041
2458073.97058855  19.813  0.042
2458073.97058855  15.948  0.002
2458073.97058855  17.079  0.005
2458073.97093581  19.662  0.036
2458073.97093581  19.298  0.026
2458073.97093581  19.833  0.040
2458073.97093581  19.689  0.037
2458073.97093581  15.969  0.002
2458073.97093581  17.086  0.005
2458073.97128304  19.711  0.034
2458073.97128304  19.325  0.026
2458073.97128304  19.873  0.042
2458073.97128304  19.761  0.038
2458073.97128304  16.007  0.003
2458073.97128304  17.139  0.005
2458073.97163029  19.731  0.038
2458073.97163029  19.364  0.027
2458073.97163029  19.909  0.045
2458073.97163029  19.826  0.039
2458073.97163029  16.018  0.003
2458073.97163029  17.147  0.005
2458073.97197758  19.915  0.043
2458073.97197758  19.340  0.026
2458073.97197758  19.907  0.042
2458073.97197758  19.746  0.037
2458073.97197758  15.976  0.002
2458073.97197758  17.106  0.005
2458073.97232484  19.771  0.038
2458073.97232484  19.269  0.025
2458073.97232484  19.853  0.041
2458073.97232484  19.740  0.037
2458073.97232484  15.966  0.002
2458073.97232484  17.098  0.005
2458073.97267207  19.665  0.035
2458073.97267207  19.300  0.025
2458073.97267207  19.887  0.044
2458073.97267207  19.703  0.036
2458073.97267207  15.980  0.002
2458073.97267207  17.116  0.005
2458073.97301933  19.720  0.038
2458073.97301933  19.359  0.027
2458073.97301933  19.955  0.045
2458073.97301933  19.826  0.041
2458073.97301933  16.003  0.003
2458073.97301933  17.135  0.005
2458073.97336658  19.650  0.035
2458073.97336658  19.308  0.026
2458073.97336658  19.821  0.039
2458073.97336658  19.762  0.038
2458073.97336658  15.978  0.002
2458073.97336658  17.100  0.005
2458073.97371381  19.694  0.036
2458073.97371381  19.356  0.025
2458073.97371381  19.822  0.039
2458073.97371381  19.848  0.042
2458073.97371381  15.992  0.003
2458073.97371381  17.120  0.005
2458073.97406107  19.685  0.037
2458073.97406107  19.293  0.026
2458073.97406107  19.858  0.043
2458073.97406107  19.749  0.038
2458073.97406107  15.965  0.002
2458073.97406107  17.096  0.005
2458073.97440836  19.685  0.034
2458073.97440836  19.296  0.025
2458073.97440836  19.834  0.039
2458073.97440836  19.691  0.036
2458073.97440836  15.972  0.002
2458073.97440836  17.102  0.005
2458073.97475562  19.651  0.036
2458073.97475562  19.224  0.024
2458073.97475562  19.834  0.042
2458073.97475562  19.752  0.037
2458073.97475562  15.966  0.002
2458073.97475562  17.097  0.005
2458073.97510284  19.733  0.039
2458073.97510284  19.281  0.026
2458073.97510284  19.983  0.047
2458073.97510284  19.745  0.038
2458073.97510284  15.952  0.002
2458073.97510284  17.110  0.005
2458073.9754501  19.679  0.036
2458073.9754501  19.326  0.027
2458073.9754501  19.882  0.043
2458073.9754501  19.689  0.037
2458073.9754501  15.990  0.003
2458073.9754501  17.119  0.005
2458073.97579736  19.637  0.034
2458073.97579736  19.257  0.026
2458073.97579736  19.792  0.038
2458073.97579736  19.733  0.037
2458073.97579736  15.962  0.002
2458073.97579736  17.092  0.005
2458073.97614459  19.706  0.037
2458073.97614459  19.282  0.025
2458073.97614459  19.821  0.042
2458073.97614459  19.758  0.039
2458073.97614459  15.978  0.002
2458073.97614459  17.104  0.005
