2458663.70907999    15.236896012287296    0.0032829526005987014
2458663.7095144    15.230106567417208    0.0032829526005987014
2458663.70994901    15.218608634438956    0.002304767526838592
2458663.7103833    15.231531256602041    0.0032771894971886087
2458663.71082139    15.242960674656464    0.0032829526005987014
2458663.71125568    15.23604513493358    0.0033705571850518898
2458663.71168984    15.21734441134558    0.002304767526838592
2458663.71212391    15.230184891193518    0.0032829526005987014
2458663.7125583    15.231839889598486    0.0032829526005987014
2458663.71299247    15.216482529488376    0.0032829526005987014
2458663.71342675    15.205316110927694    0.002304767526838592
2458663.71386079    15.231878919209873    0.0032829526005987014
2458663.71429601    15.213722386252838    0.003256421053068278
2458663.71473017    15.214753089214595    0.003256421053068278
2458663.71516433    15.224449657196475    0.002304767526838592
2458663.71559862    15.224224291289095    0.002304767526838592
2458663.71603301    15.219084937032365    0.002304767526838592
2458663.71646742    15.220488922293637    0.002296592319761137
2458663.7169018    15.212116060409384    0.002296592319761137
2458663.71733735    15.219906009685944    0.002304767526838592
2458663.71777199    15.225029060730709    0.002304767526838592
2458663.71820881    15.209953988319487    0.002304767526838592
2458663.71864286    15.221281086540765    0.002304767526838592
2458663.71907715    15.23537415837091    0.003256421053068278
2458663.71951166    15.220320523833541    0.0032771894971886087
2458663.71994619    15.220692085732807    0.002296592319761137
2458663.72038047    15.21793868705536    0.002296592319761137
2458663.72081463    15.21048372169663    0.002304767526838592
2458663.7212497    15.221377934868674    0.002304767526838592
2458663.72168389    15.217439586773379    0.002296592319761137
2458663.7221184    15.216880562812728    0.002304767526838592
2458663.72255303    15.21806556661197    0.002296592319761137
2458663.72298731    15.219722507916643    0.002254485920762712
2458663.7234216    15.220635088917351    0.002254485920762712
2458663.72385587    15.218532631127491    0.002254485920762712
2458663.7242905    15.215114404912926    0.002254485920762712
2458663.72472547    15.221696198550752    0.002254485920762712
2458663.72515964    15.21872155449002    0.002254485920762712
2458663.72559391    15.214107818531868    0.002254485920762712
2458663.72602935    15.215847534346352    0.002254485920762712
2458663.72646399    15.219068406447242    0.002254485920762712
2458663.72689804    15.217026086224449    0.002254485920762712
2458663.72733243    15.219840928683999    0.002254485920762712
2458663.72777135    15.22540791542353    0.002254485920762712
2458663.72820563    15.221616529276922    0.002304767526838592
2458663.72863979    15.219338332369933    0.002254485920762712
2458663.7290742    15.223235882792983    0.002254485920762712
2458663.72950987    15.215825236101974    0.002254485920762712
2458663.72994415    15.22221150071492    0.002254485920762712
2458663.73037946    15.220815870596118    0.002254485920762712
2458663.73081352    15.217969039666226    0.002254485920762712
2458663.73124803    15.21854328763834    0.002254485920762712
2458663.7316821    15.215335555023906    0.002254485920762712
2458663.73211647    15.220977464010435    0.002254485920762712
2458663.73255112    15.218416381822397    0.002254485920762712
2458663.73298563    15.220189126035114    0.0022424476423255524
2458663.73342083    15.214204015814067    0.002254485920762712
2458663.73385511    15.212709489740616    0.002140244182632048
2458663.73428985    15.216916421532732    0.002254485920762712
2458663.73472413    15.220129753814849    0.002254485920762712
2458663.73515935    15.233887501906047    0.0022424476423255524
2458663.73559339    15.218278748875408    0.002140244182632048
2458663.73602746    15.212333689072034    0.002254485920762712
2458663.73646183    15.213817703294524    0.002254485920762712
2458663.7368973    15.220782984786462    0.002254485920762712
2458663.73733157    15.218409850332067    0.002254485920762712
2458663.73776632    15.214277345392347    0.002254485920762712
2458663.73820059    15.222227186518497    0.002296592319761137
2458663.73863476    15.211343100711808    0.002254485920762712
2458663.73906893    15.219556426575892    0.002254485920762712
2458663.73950344    15.220032930187104    0.002254485920762712
2458663.73993749    15.216855271591252    0.002254485920762712
2458663.74037177    15.21745206254718    0.002254485920762712
2458663.74080605    15.2107598788269    0.002296592319761137
2458663.74124069    15.21701408647906    0.002254485920762712
2458663.74167507    15.211377800547963    0.002254485920762712
2458663.74210935    15.216914441100755    0.002254485920762712
2458663.74254364    15.217405969469885    0.002254485920762712
2458663.74297803    15.219671939748983    0.002254485920762712
2458663.74341256    15.217110850544621    0.002254485920762712
2458663.74384696    15.219000881572386    0.002254485920762712
2458663.74428112    15.215447289572138    0.002254485920762712
2458663.7447161    15.218653143931437    0.002254485920762712
2458663.74515038    15.219167228093253    0.002254485920762712
2458663.74558524    15.211794128094999    0.002254485920762712
2458663.7460194    15.214142791733849    0.002254485920762712
2458663.74645368    15.220190710482132    0.002254485920762712
2458663.74688785    15.215576295351937    0.0021300970477506
2458663.74732248    15.220169268778264    0.0022424476423255524
2458663.74775653    15.219432211686172    0.002254485920762712
2458663.74819094    15.21766732240073    0.0021300970477506
2458663.74862555    15.21886241997578    0.002140244182632048
2458663.74906146    15.219404728770721    0.0021300970477506
2458663.74949575    15.214236061848377    0.0021300970477506
2458663.74993002    15.212132150644694    0.002140244182632048
2458663.75036407    15.219501787707342    0.002254485920762712
2458663.75080253    15.217625811880705    0.0021300970477506
2458663.7512367    15.220695076905253    0.0021441805832168107
2458663.75167085    15.217467567365976    0.0021300970477506
2458663.75210512    15.219701884376065    0.0021300970477506
2458663.75251302    15.21840345076468    0.002304767526838592
2458663.75325567    15.217964824504769    0.002296592319761137
2458663.75357442    15.218709103538998    0.002296592319761137
2458663.75389273    15.22026751613874    0.002296592319761137
2458663.75421208    15.222641161452303    0.002304767526838592
2458663.75453143    15.222030074187627    0.002304767526838592
2458663.7548503    15.219642023205392    0.002296592319761137
2458663.75516872    15.216253539595492    0.002296592319761137
2458663.7554943    15.21687432366716    0.002296592319761137
2458663.75581273    15.217645132690949    0.002296592319761137
2458663.75613198    15.215194750639993    0.002296592319761137
2458663.75645074    15.221062924050628    0.002296592319761137
2458663.75676961    15.22022313927753    0.002296592319761137
2458663.75740681    15.220493917451813    0.002304767526838592
2458663.75772512    15.220588676475714    0.002296592319761137
2458663.75804539    15.218324194689902    0.002296592319761137
2458663.75836402    15.215413599451171    0.002296592319761137
2458663.75868442    15.21872159231989    0.002304767526838592
2458663.75900293    15.220401048855846    0.003256421053068278
2458663.75932135    15.219982782777853    0.002296592319761137
2458663.75964002    15.216780154452472    0.002296592319761137
2458663.75996053    15.218489138026746    0.002296592319761137
2458663.76027976    15.213696650815802    0.003256421053068278
2458663.76059827    15.224455811960876    0.002304767526838592
2458663.7609167    15.22238568723885    0.002296592319761137
2458663.76123548    15.212457401641883    0.002296592319761137
2458663.76155492    15.233060128031644    0.002296592319761137
2458663.76187334    15.213768989527296    0.002296592319761137
2458663.76219236    15.215725673715191    0.002296592319761137
2458663.76251228    15.218416923718278    0.002296592319761137
2458663.76283094    15.217205445264279    0.002296592319761137
2458663.76314924    15.223664557775392    0.002304767526838592
2458663.76346788    15.22057151392877    0.0032771894971886087
2458663.76378663    15.22239341583088    0.0032771894971886087
2458663.76410565    15.213278165819451    0.0032771894971886087
2458663.76442407    15.2215543742015    0.0032771894971886087
2458663.76474327    15.220516950057108    0.0032771894971886087
2458663.7650617    15.216147967348956    0.002304767526838592
2458663.76538024    15.201479372145474    0.003256421053068278
2458663.76569879    15.2097084976401    0.002304767526838592
2458663.76602183    15.227247679396983    0.003256421053068278
2458663.76634034    15.220041883130518    0.002304767526838592
2458663.76665901    15.215217521291745    0.0032771894971886087
2458663.76697743    15.236297499610963    0.0032771894971886087
2458663.76729979    15.203299190073288    0.0034156502553198665
2458663.76761798    15.22797434768892    0.0032771894971886087
2458663.76793709    15.218895835620064    0.0032771894971886087
2458663.76825643    15.21711793259701    0.003256421053068278
2458663.76857554    15.216452439746487    0.002296592319761137
2458663.76889385    15.214984303700856    0.002296592319761137
2458663.76921284    15.221091428598951    0.002296592319761137
2458663.76953162    15.219207390789595    0.002296592319761137
2458663.76985073    15.217469508243049    0.003256421053068278
2458663.77016925    15.212096398896158    0.003308465799422135
2458663.77048803    15.22226324601536    0.002296592319761137
2458663.77080714    15.2172995814696    0.002296592319761137
2458663.77112592    15.222742977288563    0.002296592319761137
2458663.77144455    15.19782324589172    0.0032771894971886087
2458663.77176286    15.215523817003731    0.004401415914253367
2458663.77208164    15.217497907282695    0.002296592319761137
2458663.77239995    15.219301951776771    0.0032771894971886087
2458663.77271825    15.225099490289777    0.002304767526838592
2458663.77303656    15.21416035396034    0.002304767526838592
2458663.77335498    15.233196457108125    0.004407692740693027
2458663.77367373    15.219417907714892    0.0032771894971886087
2458663.77399249    15.21805083003163    0.0032771894971886087
2458663.77431139    15.215835823806097    0.021281185152831665
2458663.77463038    15.223600778537364    0.011247632034277717
2458663.77558506    15.206991502360585    0.004401415914253367
2458663.77590405    15.236294076849443    0.003423466570831925
2458663.77622363    15.20405739945559    0.0032771894971886087
2458663.77686033    15.217202383708694    0.007895415751674753
2458663.77749835    15.223666944674457    0.006710358136491562
2458663.77781722    15.23695430786608    0.006595785558300251
2458663.77940898    15.251170402114493    0.006576043885403407
2458663.77972809    15.194749066256458    0.008872619893774697
2458663.78004652    15.246036540385655    0.006570824449086524
2458663.78036482    15.21449354560773    0.0032771894971886087
2458663.781002    15.24642856302047    0.006737521013640126
2458663.78132078    15.204982414147109    0.005593860079008611
2458663.78163897    15.269534759905806    0.00654806788163166
2458663.78196872    15.140114675527373    0.011283644677463598
2458663.78228738    15.182194023728806    0.017866786285191148
2458663.78260557    15.245152712582938    0.008908114792741811
2458663.78292468    15.191452439172851    0.0034156502553198665
2458663.78324298    15.20715707495036    0.0067308541255587636
2458663.78419939    15.25887624434894    0.004440068920591525
2458663.78451805    15.212190942142833    0.002304767526838592
2458663.78706828    15.225341339604162    0.003256421053068278
2458663.79184828    15.230335447711717    0.003308465799422135
2458663.79216718    15.157743302106907    0.011286253579329525
2458663.79248614    15.164078035899871    0.011106075535195364
2458663.79695213    15.235068348169804    0.006595785558300251
2458663.79950561    15.218725794305442    0.014602021914934645
2458663.79982773    15.211260968612919    0.004440068920591525
2458663.80014627    15.218723987450765    0.004440068920591525
2458663.80046494    15.19722663122875    0.00893109766683841
2458663.80144843    15.210086755453709    0.007726407595968295
2458663.80176695    15.208971516068646    0.017898951232705334
2458663.80240612    15.202247742362514    0.011264675349022434
2458663.80272455    15.20620096478169    0.02225702828663666
2458663.80304297    15.252921269773966    0.024385717881351174
2458663.80336184    15.054305000229569    0.01726766876906913
2458663.8039989    15.217661700495588    0.004465548833419205
2458663.80431849    15.205279935983555    0.003308465799422135
2458663.80463679    15.249667367920065    0.009933598797594412
2458663.80527397    15.2157340517522    0.006747503721493559
2458663.80559215    15.198432295831548    0.012242282230112303
2458663.80591174    15.225508118416696    0.003308465799422135
2458663.80623005    15.200785798136927    0.004465548833419205
2458663.80655273    15.218772098512481    0.0032771894971886087
2458663.80687152    15.228246483324119    0.002296592319761137
2458663.80718982    15.164771572086927    0.008866094532996064
2458663.80750881    15.203482704567863    0.013431339938449168
2458663.80782712    15.280012122009246    0.015398309627870038
2458663.80814566    15.20711758494073    0.007749352131079434
2458663.80846465    15.221291580474476    0.003449268863433539
2458663.80942118    15.229835220432415    0.0032771894971886087
2458663.80974029    15.212074253098342    0.0032771894971886087
2458663.81005883    15.220424108372145    0.002254485920762712
2458663.81037866    15.219104440890241    0.002254485920762712
2458663.81069705    15.226289791334837    0.002304767526838592
2458663.81101583    15.209605794250153    0.0034404766286990113
2458663.81133518    15.214073845122826    0.004440068920591525
2458663.81165381    15.168753709870664    0.012383600376084653
2458663.81197281    15.228203053948262    0.0034404766286990113
2458663.81229135    15.178396310994394    0.007751534203373888
2458663.81292832    15.268217185652006    0.006737521013640126
2458663.81324799    15.219272587887003    0.002304767526838592
2458663.81356746    15.22245608336368    0.002254485920762712
2458663.81389352    15.218836027817584    0.002254485920762712
2458663.81421286    15.220200542252798    0.002254485920762712
2458663.81453105    15.21983566620794    0.002254485920762712
2458663.81485028    15.218643783220479    0.002254485920762712
2458663.81516963    15.215571808773065    0.002296592319761137
2458663.81548817    15.221184795988881    0.002254485920762712
2458663.81580704    15.223586876942043    0.002254485920762712
2458663.81612571    15.22258204888312    0.002304767526838592
2458663.81644398    15.226273874808163    0.0032771894971886087
2458663.81676241    15.240238990282611    0.004407692740693027
2458663.81708107    15.22164804044274    0.002296592319761137
2458663.81740262    15.221642466339164    0.002254485920762712
2458663.81772114    15.2197813689741    0.002254485920762712
2458663.81803944    15.220619506866075    0.002254485920762712
2458663.81835775    15.218374938562228    0.002254485920762712
2458663.81867665    15.220934916019914    0.002254485920762712
2458663.8189954    15.223742140000002    0.002296592319761137
2458663.81931371    15.221806707394386    0.002254485920762712
2458663.81963189    15.220787695412893    0.002254485920762712
2458663.81995008    15.219791240420667    0.002254485920762712
2458663.82026826    15.218381250995565    0.002254485920762712
2458663.82059339    15.220565652446327    0.002254485920762712
2458663.82091206    15.220712481836031    0.002296592319761137
2458663.8212306    15.224642589313254    0.002296592319761137
2458663.82155144    15.222996584272488    0.002304767526838592
2458663.82187147    15.22597205212977    0.002296592319761137
2458663.82218966    15.221546094149407    0.002254485920762712
2458663.82250796    15.218787984786074    0.002296592319761137
2458663.82282615    15.22194816030819    0.002296592319761137
2458663.82314469    15.221496605665513    0.002254485920762712
2458663.82346324    15.22019941981537    0.002254485920762712
2458663.82378175    15.220052607566299    0.002254485920762712
2458663.82410077    15.215499810058228    0.002254485920762712
2458663.82441932    15.221232699396054    0.002254485920762712
2458663.82473771    15.219718962837428    0.0022424476423255524
2458663.82505754    15.215104558513419    0.002254485920762712
2458663.82537641    15.212950248489141    0.002254485920762712
2458663.82569504    15.215726325683704    0.002296592319761137
2458663.82601418    15.220868857568696    0.002296592319761137
2458663.82633273    15.220975956740263    0.002296592319761137
2458663.82665124    15.224127301387862    0.002296592319761137
2458663.82697047    15.22973928426442    0.0032771894971886087
2458663.82728877    15.221049489515392    0.002296592319761137
2458663.82760756    15.218988461126688    0.002296592319761137
2458663.82792598    15.226272543888472    0.002296592319761137
2458663.82825108    15.220494071790332    0.002254485920762712
2458663.82856939    15.220610405742127    0.002254485920762712
2458663.82888805    15.219666609768662    0.002254485920762712
2458663.82920692    15.218113803530978    0.002254485920762712
2458663.82952591    15.223816643352968    0.002254485920762712
2458663.82984434    15.219323961791892    0.002254485920762712
2458663.83016276    15.216147069079012    0.002254485920762712
2458663.83048107    15.219022801554239    0.002254485920762712
2458663.83079949    15.220830871274568    0.002254485920762712
2458663.83111803    15.220180301367488    0.002254485920762712
2458663.83143634    15.217371823316402    0.002254485920762712
2458663.83175509    15.218691190486323    0.002254485920762712
2458663.83207384    15.22491301290942    0.002296592319761137
2458663.83239203    15.220578012438457    0.002254485920762712
2458663.83271141    15.2237024599857    0.002296592319761137
2458663.83303028    15.22096002037254    0.002296592319761137
2458663.83335621    15.218769659814043    0.002254485920762712
2458663.83367497    15.219968726830379    0.002254485920762712
2458663.83399375    15.216821930354444    0.002254485920762712
2458663.83431241    15.218457081749403    0.002254485920762712
2458663.83463084    15.221811016702482    0.0022424476423255524
2458663.83494926    15.216429612738603    0.0022424476423255524
2458663.8352678    15.217392576666109    0.002254485920762712
2458663.83558617    15.223065305130701    0.002254485920762712
2458663.83590448    15.222826991401345    0.002296592319761137
2458663.8362229    15.217839332862974    0.002254485920762712
2458663.83654192    15.22119165212914    0.002296592319761137
2458663.83686207    15.221658615879315    0.002254485920762712
2458663.83718121    15.218553696147442    0.004560526343872559
