2459190.53156949    14.82849087557339    0.0023119562741787687
2459190.53191669    14.839427433895324    0.002311441222589292
2459190.5322639    14.837772654264178    0.002310941206595564
2459190.5326111    14.819330735938715    0.002308694690035529
2459190.53295831    14.814019264923697    0.0022627270674328063
2459190.53330551    14.819838492693568    0.002260303232399998
2459190.53365272    14.820223280658494    0.0022271524287670844
2459190.53399993    14.81809713513349    0.0022271524287670844
2459190.53434713    14.824877239775285    0.002226797498163985
2459190.53469433    14.825090040511691    0.0022253631162723188
2459190.53504154    14.827023627557145    0.0022246213112976916
2459190.53538874    14.829446505241823    0.002224264445723705
2459190.53573595    14.822791060101025    0.0022238066665219835
2459190.53608315    14.821691808046321    0.002222849744715228
2459190.53643036    14.82066393347932    0.0022227188268365713
2459190.53677757    14.825317739783298    0.002220313327291274
2459190.53712477    14.82135492150613    0.0012438203582434994
2459190.53747197    14.817893452217078    0.0022196996939429737
2459190.53781918    14.82101123247844    0.0022196996939429737
2459190.53816638    14.820685758154855    0.0012423267370828338
2459190.53851359    14.820377477098972    0.0012428395956230955
2459190.53886079    14.819680840461183    0.0012424488738970699
2459190.539208    14.818274016342832    0.0012423267370828338
2459190.53955521    14.815622865537827    0.0012423267370828338
2459190.53990241    14.822425487526447    0.0012424488738970699
2459190.54024961    14.82210267954043    0.0012421699787580759
2459190.54059682    14.822463192940285    0.0012423267370828338
2459190.54094402    14.821444820233754    0.0012416036685628563
2459190.54129123    14.822225795095013    0.0012413988480470407
2459190.54163843    14.822886065727838    0.0012421699787580759
2459190.54198564    14.818518655469964    0.001241759686667461
2459190.54233285    14.822414538496517    0.0012389752529058926
2459190.54268005    14.820406327572545    0.0012387749082546158
2459190.54302726    14.821888783620663    0.0012375715435007288
2459190.54337446    14.819913902043822    0.0012373735684040018
2459190.54372167    14.818019707480993    0.0012373735684040018
2459190.54406887    14.825308249631295    0.0012373735684040018
2459190.54441607    14.825368988058104    0.0012373735684040018
2459190.54476328    14.829295189540863    0.0012373735684040018
2459190.54511049    14.82151167362085    0.0012373735684040018
2459190.54545769    14.818919319955807    0.0012373735684040018
2459190.5458049    14.82161141836931    0.0012375715435007288
2459190.5461521    14.823005946280643    0.0012373735684040018
2459190.5464993    14.824115735324858    0.0012387749082546158
2459190.54684651    14.819905834119155    0.0012389752529058926
2459190.54719371    14.824904567385843    0.0012416036685628563
2459190.54754092    14.820791099435887    0.0012387749082546158
2459190.54788812    14.82380263904877    0.0012416036685628563
2459190.54823533    14.821872156097934    0.0012389752529058926
2459190.54858254    14.81699446966641    0.0012389752529058926
2459190.54892974    14.821497312796058    0.0012421699787580759
2459190.54927695    14.82024763455927    0.002216558882401438
2459190.54962415    14.82371505718727    0.0012391278590055698
2459190.54997135    14.822698006168281    0.001240168682496415
2459190.55031856    14.818586641672018    0.0012389752529058926
2459190.55066577    14.824035693717178    0.0012389752529058926
2459190.55101297    14.817289381025546    0.0012416036685628563
2459190.55136018    14.824019670372689    0.0012375715435007288
2459190.55170738    14.8225682281175    0.0012375715435007288
2459190.55205458    14.82211961796059    0.0012373735684040018
2459190.55240179    14.821652385905875    0.0012373735684040018
2459190.552749    14.828505993659187    0.0012373735684040018
2459190.5530962    14.826145398072606    0.0012389752529058926
2459190.55344341    14.823615802206135    0.0012373735684040018
2459190.55379061    14.817385058163254    0.0012375715435007288
2459190.55413782    14.820284623274622    0.0012389752529058926
2459190.55448502    14.8241755573307    0.0012375715435007288
2459190.55483223    14.81958083994028    0.0012387749082546158
2459190.55517943    14.82190211359233    0.0012375715435007288
2459190.55552664    14.82198334934679    0.0012373735684040018
2459190.55587384    14.825104254311833    0.0012389752529058926
2459190.55622105    14.820962499659286    0.0012389752529058926
2459190.55656825    14.821191764980995    0.0012389752529058926
2459190.55691546    14.821973124864789    0.0012389752529058926
2459190.55726266    14.820856296780505    0.0012373735684040018
2459190.55760986    14.816949571255828    0.0012373735684040018
2459190.55795707    14.819528538052046    0.0012416036685628563
2459190.55830428    14.823041792824588    0.0012375715435007288
2459190.55865149    14.825479057827915    0.0012375715435007288
2459190.55899869    14.826649967712045    0.0012373735684040018
2459190.55934589    14.819830796573362    0.0012387749082546158
2459190.5596931    14.825598472838784    0.0012416036685628563
2459190.5600403    14.821569522572808    0.0012416036685628563
2459190.56038751    14.820864966021361    0.0012416036685628563
2459190.56073471    14.821605395861992    0.0012416036685628563
2459190.56108192    14.816198060807732    0.0022174622963491864
2459190.56142912    14.817535332960551    0.002217657310084805
2459190.56177633    14.813335339617336    0.002216558882401438
2459190.56212353    14.822520214674405    0.0022174622963491864
2459190.56247074    14.824605683470264    0.0022172122254685974
2459190.56281794    14.822058184133628    0.0022174622963491864
2459190.56316514    14.824713076974291    0.0022174622963491864
2459190.56351235    14.809051810879307    0.0022178122971919104
2459190.56385956    14.81246574119598    0.002217657310084805
2459190.56420676    14.82360052886715    0.0012423267370828338
2459190.56455397    14.820206696007267    0.002216558882401438
2459190.56490117    14.823525299870818    0.0022174622963491864
2459190.56524838    14.81721875700247    0.0022174622963491864
2459190.56559559    14.819077893032816    0.0022178122971919104
2459190.56594279    14.822575609587805    0.002219066662447432
2459190.56628999    14.821744303872066    0.0022192236690622104
2459190.5666372    14.826132620249586    0.0022196996939429737
2459190.5669844    14.824417156505273    0.0022198576119381013
