2459190.53156949    17.684659823278214    0.024028007445764506
2459190.53191669    17.672139659939955    0.0230291719461531
2459190.5322639    17.668989084612083    0.023029121764851158
2459190.5326111    17.67501293067894    0.020033224183136328
2459190.53295831    17.674129593561698    0.01902944911923866
2459190.53330551    17.671339963349343    0.018030778427522143
2459190.53365272    17.7310797064648    0.018026652710388665
2459190.53399993    18.18427301057009    0.02601845898474702
2459190.53434713    19.383337744859322    0.07600630649556542
2459190.53573595    23.496056802993596    2.7170001739632057
2459190.53677757    20.132857642294894    0.11900390662188928
2459190.53712477    18.40592723078491    0.02301189016755427
2459190.53747197    17.790469892260724    0.01403307046698229
2459190.53781918    17.680564279976224    0.013035607647182793
2459190.53816638    17.680188555055494    0.011024671229640858
2459190.53851359    17.674803944316288    0.0110247290334252
2459190.53886079    17.673005567292293    0.012022631958279689
2459190.539208    17.688472368011418    0.011024671229640858
2459190.53955521    17.697670903328312    0.011024671229640858
2459190.53990241    17.690299971609242    0.011024684993424896
2459190.54024961    17.67878111837772    0.010027112558265607
2459190.54059682    17.671923840631436    0.010027131978869674
2459190.54094402    17.67566660760916    0.010027042418868525
2459190.54129123    17.686188420819875    0.010027017058922984
2459190.54163843    17.70756990859413    0.010027112558265607
2459190.54198564    17.694904856885092    0.010027061739085507
2459190.54233285    17.696484944101208    0.010026717293177924
2459190.54268005    17.6891434855657    0.009029649122381292
2459190.54302726    17.689276004465956    0.010026543937233946
2459190.54337446    17.679935181573967    0.009029456979674073
2459190.54372167    17.712659799344113    0.009029456979674073
2459190.54406887    17.67455259716961    0.009029456979674073
2459190.54441607    17.683203773505596    0.009029456979674073
2459190.54476328    17.6837073356726    0.009029456979674073
2459190.54511049    17.67648880852591    0.009029456979674073
2459190.54545769    17.69744977849743    0.009029456979674073
2459190.5458049    17.710684290981817    0.00902948411180189
2459190.5461521    17.678611014279817    0.009029456979674073
2459190.5464993    17.671243519060134    0.009029649122381292
2459190.54684651    17.67654759185476    0.010026717293177924
2459190.54719371    17.681052250619214    0.009030037633907664
2459190.54754092    17.677437410417998    0.010026692539083925
2459190.54788812    17.66494097617211    0.009030037633907664
2459190.54823533    17.683496667067832    0.010026717293177924
2459190.54858254    17.68910001248006    0.010026717293177924
2459190.54892974    17.678079454362802    0.010027112558265607
2459190.54927695    17.684302690922074    0.010045552910574546
2459190.54962415    17.683240041910008    0.010026736151458446
2459190.54997135    17.672690667794978    0.010026864832092077
2459190.55031856    17.679045465989535    0.010026717293177924
2459190.55066577    17.673959875619257    0.010026717293177924
2459190.55101297    17.69667882460782    0.010027042418868525
2459190.55136018    17.678875030105125    0.00902948411180189
2459190.55170738    17.690890853865724    0.00902948411180189
2459190.55205458    17.696911596196134    0.009029456979674073
2459190.55240179    17.661916539952436    0.009029456979674073
2459190.552749    17.6912458559619    0.009029456979674073
2459190.5530962    17.690365209781113    0.009029676609785823
2459190.55344341    17.694320555711172    0.009029456979674073
2459190.55379061    17.699580440128504    0.00902948411180189
2459190.55413782    17.695977072235056    0.009029676609785823
2459190.55448502    17.680372206060053    0.00902948411180189
2459190.55483223    17.685289571840375    0.009029649122381292
2459190.55517943    17.6821315074847    0.00902948411180189
2459190.55552664    17.687742734902034    0.01002651950318678
2459190.55587384    17.669403655659526    0.010026717293177924
2459190.55622105    17.684812693562595    0.009029676609785823
2459190.55656825    17.68360421930751    0.010026717293177924
2459190.55691546    17.69196006358056    0.009029676609785823
2459190.55726266    17.68143063284056    0.009029456979674073
2459190.55760986    17.6931249572538    0.009029456979674073
2459190.55795707    17.697319367831554    0.010027042418868525
2459190.55830428    17.70346316563541    0.00902948411180189
2459190.55865149    17.69954679585573    0.010026543937233946
2459190.55899869    17.67638059626786    0.009029456979674073
2459190.55934589    17.686241582674338    0.010026692539083925
2459190.5596931    17.69970742724619    0.010027042418868525
2459190.5600403    17.690395337738213    0.010027042418868525
2459190.56038751    17.709427099618143    0.010027042418868525
2459190.56073471    17.692923986030955    0.010027042418868525
2459190.56108192    17.67929401016289    0.011041609440463387
2459190.56142912    17.695430225304573    0.010045795336605887
2459190.56177633    17.690051525647856    0.010045552910574546
2459190.56212353    17.674080720570522    0.010045752288192766
2459190.56247074    17.70003430815454    0.01104155922199249
2459190.56281794    17.68337939819006    0.010045752288192766
2459190.56316514    17.69295209911862    0.011041609440463387
2459190.56351235    17.672234610935494    0.01203821794891485
2459190.56385956    17.68861898521847    0.011041648606298452
2459190.56420676    17.70675157599373    0.010027131978869674
2459190.56455397    17.698383687176612    0.01104142804528258
2459190.56490117    17.69575703836965    0.010045752288192766
2459190.56524838    17.68353483127879    0.010045752288192766
2459190.56559559    17.692508583777887    0.011041679735691288
2459190.56594279    17.673151886162408    0.011041931753655497
2459190.56628999    17.678497892546343    0.012038478047217013
2459190.5666372    17.67609600154499    0.011042058989667213
2459190.5669844    17.669623468933548    0.01203859492703694
