2458663.70907999    15.548180810060344    0.0032829526005987014
2458663.7095144    15.548349218717407    0.0032829526005987014
2458663.70994901    15.53580911983956    0.0032112230306800054
2458663.7103833    15.541689607140668    0.0032771894971886087
2458663.71082139    15.537076521676621    0.0032829526005987014
2458663.71125568    15.530118847136942    0.0033705571850518898
2458663.71168984    15.543376001291765    0.0032112230306800054
2458663.71212391    15.541174367647155    0.0032829526005987014
2458663.7125583    15.514787221521953    0.0032829526005987014
2458663.71299247    15.525387738205916    0.0032829526005987014
2458663.71342675    15.540179185732006    0.0032112230306800054
2458663.71386079    15.537699883458243    0.0032829526005987014
2458663.71429601    15.53950112541778    0.003256421053068278
2458663.71473017    15.536489706122362    0.003256421053068278
2458663.71516433    15.544144151892246    0.0032112230306800054
2458663.71559862    15.544876651122891    0.0032112230306800054
2458663.71603301    15.533695152335987    0.0032112230306800054
2458663.71646742    15.537056991079234    0.003205360554319255
2458663.7169018    15.541641985613557    0.003205360554319255
2458663.71733735    15.53438967782032    0.0032112230306800054
2458663.71777199    15.537470560028886    0.0032112230306800054
2458663.71820881    15.536353107346121    0.0032112230306800054
2458663.71864286    15.537638093972348    0.0032112230306800054
2458663.71907715    15.536689030985693    0.003256421053068278
2458663.71951166    15.542593240262102    0.0032771894971886087
2458663.71994619    15.54692264403247    0.003205360554319255
2458663.72038047    15.534127111441796    0.003205360554319255
2458663.72081463    15.541630023871068    0.0032112230306800054
2458663.7212497    15.548482026507163    0.0032112230306800054
2458663.72168389    15.543501553263269    0.003205360554319255
2458663.7221184    15.544900373116395    0.0032112230306800054
2458663.72255303    15.538043209073365    0.003205360554319255
2458663.72298731    15.540658016509989    0.002254485920762712
2458663.7234216    15.54152846264872    0.002254485920762712
2458663.72385587    15.54538387198474    0.002254485920762712
2458663.7242905    15.544923477927899    0.002254485920762712
2458663.72472547    15.542463070743153    0.002254485920762712
2458663.72515964    15.544446303476498    0.002254485920762712
2458663.72559391    15.548790434599045    0.002254485920762712
2458663.72602935    15.547487904005859    0.002254485920762712
2458663.72646399    15.549666607315725    0.002254485920762712
2458663.72689804    15.54658217549788    0.002254485920762712
2458663.72733243    15.540354873427257    0.002254485920762712
2458663.72777135    15.53787927609507    0.002254485920762712
2458663.72820563    15.549045756080414    0.0032112230306800054
2458663.72863979    15.541725436961428    0.002254485920762712
2458663.7290742    15.54458084086645    0.002254485920762712
2458663.72950987    15.544127925449597    0.002254485920762712
2458663.72994415    15.540472056194492    0.002254485920762712
2458663.73037946    15.545034192272817    0.002254485920762712
2458663.73081352    15.541145248799127    0.002254485920762712
2458663.73124803    15.548677340585018    0.002254485920762712
2458663.7316821    15.545427494478034    0.002254485920762712
2458663.73211647    15.54102726083189    0.002254485920762712
2458663.73255112    15.545424008858902    0.002254485920762712
2458663.73298563    15.545154596885395    0.0022424476423255524
2458663.73342083    15.547127263523599    0.002254485920762712
2458663.73385511    15.543590603582102    0.002140244182632048
2458663.73428985    15.54775535686982    0.002254485920762712
2458663.73472413    15.542926555283888    0.002254485920762712
2458663.73515935    15.534642078291661    0.0022424476423255524
2458663.73559339    15.549991214659897    0.002140244182632048
2458663.73602746    15.548004041363974    0.002254485920762712
2458663.73646183    15.543445912998969    0.002254485920762712
2458663.7368973    15.543368945146632    0.002254485920762712
2458663.73733157    15.53895367777294    0.002254485920762712
2458663.73776632    15.547778993380069    0.002254485920762712
2458663.73820059    15.54668670158692    0.003205360554319255
2458663.73863476    15.54676049257431    0.002254485920762712
2458663.73906893    15.540931695232468    0.002254485920762712
2458663.73950344    15.540366042657455    0.002254485920762712
2458663.73993749    15.54614627251173    0.002254485920762712
2458663.74037177    15.543700929554431    0.002254485920762712
2458663.74080605    15.552966611966104    0.003205360554319255
2458663.74124069    15.542178650827239    0.002254485920762712
2458663.74167507    15.544500221314719    0.002254485920762712
2458663.74210935    15.541994727999464    0.002254485920762712
2458663.74254364    15.546444121506617    0.002254485920762712
2458663.74297803    15.549667947255545    0.002254485920762712
2458663.74341256    15.545064699922284    0.002254485920762712
2458663.74384696    15.54191258542595    0.002254485920762712
2458663.74428112    15.543316871168527    0.002254485920762712
2458663.7447161    15.544480523756503    0.002254485920762712
2458663.74515038    15.548952474050271    0.002254485920762712
2458663.74558524    15.546537183891568    0.002254485920762712
2458663.7460194    15.548843725273244    0.002254485920762712
2458663.74645368    15.543849510153477    0.002254485920762712
2458663.74688785    15.546192971817359    0.0021300970477506
2458663.74732248    15.54674377740141    0.0022424476423255524
2458663.74775653    15.543964608759444    0.002254485920762712
2458663.74819094    15.546157573001155    0.0021300970477506
2458663.74862555    15.544310504676606    0.002140244182632048
2458663.74906146    15.547810521433599    0.0021300970477506
2458663.74949575    15.546599719694456    0.0021300970477506
2458663.74993002    15.539453675571476    0.002140244182632048
2458663.75036407    15.54478120108425    0.002254485920762712
2458663.75080253    15.54986268582224    0.0021300970477506
2458663.7512367    15.548889827640867    0.0021441805832168107
2458663.75167085    15.549620196838342    0.0021300970477506
2458663.75210512    15.543812380929129    0.0021300970477506
2458663.75251302    15.540474372856435    0.0032112230306800054
2458663.75325567    15.545963694627643    0.003205360554319255
2458663.75357442    15.539677048487281    0.003205360554319255
2458663.75389273    15.542204578651283    0.003205360554319255
2458663.75421208    15.540547240600356    0.0032112230306800054
2458663.75453143    15.540905169971191    0.0032112230306800054
2458663.7548503    15.54348618220349    0.003205360554319255
2458663.75516872    15.548066805450548    0.003205360554319255
2458663.7554943    15.548656001759861    0.003205360554319255
2458663.75581273    15.543395916646682    0.003205360554319255
2458663.75613198    15.540914560944612    0.003205360554319255
2458663.75645074    15.545751808231907    0.003205360554319255
2458663.75676961    15.544881086673344    0.003205360554319255
2458663.75740681    15.541090043683749    0.0032112230306800054
2458663.75772512    15.545153920226731    0.003205360554319255
2458663.75804539    15.54585836584891    0.003205360554319255
2458663.75836402    15.548916857091633    0.003205360554319255
2458663.75868442    15.545193764718364    0.0032112230306800054
2458663.75900293    15.540842319391832    0.003256421053068278
2458663.75932135    15.541393160170797    0.003205360554319255
2458663.75964002    15.550159614486699    0.003205360554319255
2458663.75996053    15.55083750215686    0.003205360554319255
2458663.76027976    15.545014043192298    0.003256421053068278
2458663.76059827    15.541742302474882    0.0032112230306800054
2458663.7609167    15.538641283661066    0.003205360554319255
2458663.76123548    15.549682069998083    0.003205360554319255
2458663.76155492    15.558253804303906    0.003205360554319255
2458663.76187334    15.549931772701692    0.003205360554319255
2458663.76219236    15.546857505511472    0.003205360554319255
2458663.76251228    15.542517716851595    0.003205360554319255
2458663.76283094    15.553275321987629    0.003205360554319255
2458663.76314924    15.538703553011752    0.0032112230306800054
2458663.76346788    15.539579594697837    0.0032771894971886087
2458663.76378663    15.542370571470535    0.0032771894971886087
2458663.76410565    15.546224370080989    0.0032771894971886087
2458663.76442407    15.533469685365175    0.0032771894971886087
2458663.76474327    15.545401292403769    0.0032771894971886087
2458663.7650617    15.544001415603823    0.0032112230306800054
2458663.76538024    15.54430191560125    0.003256421053068278
2458663.76569879    15.545500135348036    0.0032112230306800054
2458663.76602183    15.537007975746059    0.003256421053068278
2458663.76634034    15.546771277617104    0.0032112230306800054
2458663.76665901    15.539915998374438    0.0032771894971886087
2458663.76697743    15.538965083595793    0.0032771894971886087
2458663.76729979    15.530935498659854    0.004320493798938573
2458663.76761798    15.530579785450623    0.0032771894971886087
2458663.76793709    15.533470313329378    0.0032771894971886087
2458663.76825643    15.54966142789058    0.003256421053068278
2458663.76857554    15.54396497498767    0.003205360554319255
2458663.76889385    15.54846595646112    0.003205360554319255
2458663.76921284    15.5465421329177    0.003205360554319255
2458663.76953162    15.547627167042329    0.003205360554319255
2458663.76985073    15.546858324443393    0.003256421053068278
2458663.77016925    15.543454312240089    0.004236265566031708
2458663.77048803    15.54259023133845    0.003205360554319255
2458663.77080714    15.548595606695125    0.003205360554319255
2458663.77112592    15.54700807444807    0.003205360554319255
2458663.77144455    15.549057429577866    0.0032771894971886087
2458663.77176286    15.528727118208959    0.004401415914253367
2458663.77208164    15.546670280421907    0.003205360554319255
2458663.77239995    15.54144344248024    0.0032771894971886087
2458663.77271825    15.545210099506258    0.0032112230306800054
2458663.77303656    15.551240080695903    0.0032112230306800054
2458663.77335498    15.555245290700643    0.004407692740693027
2458663.77367373    15.551435816177998    0.0032771894971886087
2458663.77399249    15.549037812371397    0.0032771894971886087
2458663.77431139    15.502791866468975    0.02677477995258043
2458663.77463038    15.534525872758723    0.013982461384838876
2458663.77558506    15.55082397344522    0.004401415914253367
2458663.77590405    15.513095599492564    0.004326675786513671
2458663.77622363    15.545827916416044    0.0032771894971886087
2458663.77686033    15.56491112802697    0.009712753980812743
2458663.77749835    15.510313788224352    0.007617670662346759
2458663.77781722    15.51757021463051    0.007516940011140315
2458663.77940898    15.553631876189192    0.0074996235360684305
2458663.77972809    15.527179580278768    0.00978383277552343
2458663.78004652    15.561436160316175    0.0074950472940944965
2458663.78036482    15.556862284051258    0.0032771894971886087
2458663.781002    15.524735482197613    0.007641609085084259
2458663.78132078    15.514258405258238    0.006503173885382908
2458663.78163897    15.543779880192067    0.00654806788163166
2458663.78196872    15.515327803477888    0.014011446649338268
2458663.78228738    15.507376235224175    0.021522593992376812
2458663.78260557    15.565304053298615    0.010740321650707929
2458663.78292468    15.544572819790963    0.004320493798938573
2458663.78324298    15.521246574081484    0.007635731612592956
2458663.78419939    15.549872952505238    0.0053585643618046415
2458663.78451805    15.55015673388917    0.0032112230306800054
2458663.78706828    15.545059707861476    0.003256421053068278
2458663.79184828    15.54959006001582    0.004236265566031708
2458663.79216718    15.539966974688944    0.01494588638578952
2458663.79248614    15.515270762976995    0.013868846880453508
2458663.79695213    15.519827784596442    0.007516940011140315
2458663.79950561    15.549237491897182    0.01918903447295438
2458663.79982773    15.526741414118499    0.0053585643618046415
2458663.80014627    15.531173528157254    0.0053585643618046415
2458663.80046494    15.569645254576526    0.0107593915039191
2458663.80144843    15.538409960516653    0.00864276427649375
2458663.80176695    15.53926381827517    0.022480490546933442
2458663.80240612    15.50947803225496    0.013996174860256417
2458663.80272455    15.583400360582345    0.028711936684106567
2458663.80304297    15.518089772431578    0.029910921694071058
2458663.80336184    15.65844256610172    0.026422951854747145
2458663.8039989    15.514737458757404    0.00537969575195955
2458663.80431849    15.535324687613958    0.004236265566031708
2458663.80463679    15.550681238063477    0.011776093795124475
2458663.80527397    15.579686102629228    0.008574893962701195
2458663.80559215    15.524353476877636    0.014995781880306324
2458663.80591174    15.53239829283137    0.004236265566031708
2458663.80623005    15.545645090070682    0.00537969575195955
2458663.80655273    15.549600084010354    0.0032771894971886087
2458663.80687152    15.551043539807228    0.003205360554319255
2458663.80718982    15.523537747083045    0.009777915537987772
2458663.80750881    15.54521793112246    0.017099733697990144
2458663.80782712    15.493716466082931    0.01816887281577355
2458663.80814566    15.5047910242605    0.00866328219853569
2458663.80846465    15.52393407135273    0.004347120390816442
2458663.80942118    15.538384908724975    0.0032771894971886087
2458663.80974029    15.532592981293332    0.0032771894971886087
2458663.81005883    15.538911931813221    0.002254485920762712
2458663.81037866    15.543561234387804    0.002254485920762712
2458663.81069705    15.53971569462596    0.0032112230306800054
2458663.81101583    15.55100076947526    0.004340147397568902
2458663.81133518    15.53943783698344    0.0053585643618046415
2458663.81165381    15.529086788212737    0.015111371819744361
2458663.81197281    15.528505182900071    0.004340147397568902
2458663.81229135    15.57266753514711    0.009596159779103058
2458663.81292832    15.51342661095902    0.007641609085084259
2458663.81324799    15.538450998791904    0.0032112230306800054
2458663.81356746    15.543603499248038    0.002254485920762712
2458663.81389352    15.540951809360566    0.002254485920762712
2458663.81421286    15.543285341380036    0.002254485920762712
2458663.81453105    15.543889594510311    0.002254485920762712
2458663.81485028    15.548666739814411    0.002254485920762712
2458663.81516963    15.540563782002508    0.003205360554319255
2458663.81548817    15.541145864464408    0.002254485920762712
2458663.81580704    15.545517008632107    0.002254485920762712
2458663.81612571    15.539481263169293    0.0032112230306800054
2458663.81644398    15.543142210498766    0.0032771894971886087
2458663.81676241    15.534076431881424    0.004407692740693027
2458663.81708107    15.54145456563159    0.003205360554319255
2458663.81740262    15.546417794740327    0.002254485920762712
2458663.81772114    15.543525794518846    0.002254485920762712
2458663.81803944    15.54533305092383    0.002254485920762712
2458663.81835775    15.546057600184243    0.002254485920762712
2458663.81867665    15.545586637919861    0.002254485920762712
2458663.8189954    15.544362936770536    0.003205360554319255
2458663.81931371    15.546396621684002    0.002254485920762712
2458663.81963189    15.54434673987157    0.002254485920762712
2458663.81995008    15.544319414054476    0.002254485920762712
2458663.82026826    15.545878554798433    0.002254485920762712
2458663.82059339    15.543031412084087    0.002254485920762712
2458663.82091206    15.546147324115077    0.003205360554319255
2458663.8212306    15.540046526793208    0.003205360554319255
2458663.82155144    15.53536939386196    0.0032112230306800054
2458663.82187147    15.53231381234897    0.003205360554319255
2458663.82218966    15.54185698358892    0.002254485920762712
2458663.82250796    15.544067992738597    0.003205360554319255
2458663.82282615    15.548197297435845    0.003205360554319255
2458663.82314469    15.541714837994075    0.002254485920762712
2458663.82346324    15.54338674639609    0.002254485920762712
2458663.82378175    15.54820903228453    0.002254485920762712
2458663.82410077    15.54762528344352    0.002254485920762712
2458663.82441932    15.543327267033504    0.002254485920762712
2458663.82473771    15.54378264026844    0.0022424476423255524
2458663.82505754    15.549137206000916    0.002254485920762712
2458663.82537641    15.54995195919117    0.002254485920762712
2458663.82569504    15.546697122867192    0.003205360554319255
2458663.82601418    15.544808691763194    0.003205360554319255
2458663.82633273    15.5408848852321    0.003205360554319255
2458663.82665124    15.546005328017205    0.003205360554319255
2458663.82697047    15.542586339140149    0.0032771894971886087
2458663.82728877    15.539865662904129    0.003205360554319255
2458663.82760756    15.545773705500661    0.003205360554319255
2458663.82792598    15.541026895119401    0.003205360554319255
2458663.82825108    15.544216881792757    0.002254485920762712
2458663.82856939    15.54430233330881    0.002254485920762712
2458663.82888805    15.546327620925382    0.002254485920762712
2458663.82920692    15.546743877857052    0.002254485920762712
2458663.82952591    15.545415769282707    0.002254485920762712
2458663.82984434    15.541892193584662    0.002254485920762712
2458663.83016276    15.543684407773918    0.002254485920762712
2458663.83048107    15.542529257768228    0.002254485920762712
2458663.83079949    15.544306434345517    0.002254485920762712
2458663.83111803    15.543624959684522    0.002254485920762712
2458663.83143634    15.546785599152514    0.002254485920762712
2458663.83175509    15.545074041193022    0.002254485920762712
2458663.83207384    15.542264938486706    0.003205360554319255
2458663.83239203    15.538899067190874    0.002254485920762712
2458663.83271141    15.538992528482204    0.003205360554319255
2458663.83303028    15.547219152038402    0.003205360554319255
2458663.83335621    15.544997169743326    0.002254485920762712
2458663.83367497    15.54416531063632    0.002254485920762712
2458663.83399375    15.544987586094368    0.002254485920762712
2458663.83431241    15.54559182107936    0.002254485920762712
2458663.83463084    15.545914861940654    0.0022424476423255524
2458663.83494926    15.548502564833731    0.0022424476423255524
2458663.8352678    15.549434624007322    0.002254485920762712
2458663.83558617    15.54307646416297    0.002254485920762712
2458663.83590448    15.540807267997874    0.003205360554319255
2458663.8362229    15.545788716316462    0.002254485920762712
2458663.83654192    15.544110084249688    0.003205360554319255
2458663.83686207    15.543545987018726    0.002254485920762712
2458663.83718121    15.54641010429786    0.0054587911237888205
