2459190.53156949    17.441547497910637    0.019035365555032414
2459190.53191669    17.451462474642696    0.019035303005875297
2459190.5322639    17.437782523031785    0.01903524229581387
2459190.5326111    17.471311942679844    0.01703907483321199
2459190.53295831    17.439968416761886    0.016034959737451573
2459190.53330551    17.415752297501705    0.014039550231485263
2459190.53365272    17.434098543085216    0.013036878765293598
2459190.53399993    17.428930759686384    0.013036878765293598
2459190.53434713    17.425666231186216    0.012039876539974544
2459190.53469433    17.443831501184512    0.012039611330905382
2459190.53504154    17.4247147572257    0.012039474240126928
2459190.53538874    17.42308460546779    0.011042977511727106
2459190.53573595    17.426373528178345    0.010047154626563066
2459190.53608315    17.450216143330003    0.010046942867737456
2459190.53643036    17.42712773099428    0.01004691390344188
2459190.53677757    17.44571869485859    0.010046381999075451
2459190.53712477    17.446690830276662    0.009030342689155322
2459190.53747197    17.453162208027013    0.009051357176207916
2459190.53781918    17.436210825372168    0.009051357176207916
2459190.53816638    17.450814281115896    0.008033889202725594
2459190.53851359    17.455433117778497    0.009030207653229719
2459190.53886079    17.42766188966897    0.008033908090353542
2459190.539208    17.434178859348485    0.008033889202725594
2459190.53955521    17.440449988651203    0.008033889202725594
2459190.53990241    17.439173478276285    0.008033908090353542
2459190.54024961    17.44977022203951    0.008033864963772284
2459190.54059682    17.424049067730103    0.008033889202725594
2459190.54094402    17.430947911532847    0.007038577957925078
2459190.54129123    17.439645081098334    0.0070385418305166396
2459190.54163843    17.4622206283193    0.008033864963772284
2459190.54198564    17.43876767073804    0.007038605481161199
2459190.54233285    17.438577283537924    0.007038114781481844
2459190.54268005    17.42848218103437    0.007038079515984544
2459190.54302726    17.424877217883964    0.00703786781101228
2459190.54337446    17.433814493388045    0.007037833000845136
2459190.54372167    17.4218321262176    0.007037833000845136
2459190.54406887    17.426032269659814    0.007037833000845136
2459190.54441607    17.435004479891465    0.007037833000845136
2459190.54476328    17.422842119816387    0.007037833000845136
2459190.54511049    17.42697011045066    0.007037833000845136
2459190.54545769    17.451289432918777    0.007037833000845136
2459190.5458049    17.43789347069378    0.00703786781101228
2459190.5461521    17.441200305249232    0.007037833000845136
2459190.5464993    17.434222864472865    0.007038079515984544
2459190.54684651    17.447926293289264    0.007038114781481844
2459190.54719371    17.427839020278096    0.007038577957925078
2459190.54754092    17.440640303881153    0.007038079515984544
2459190.54788812    17.43956745630911    0.007038577957925078
2459190.54823533    17.437553541769724    0.007038114781481844
2459190.54858254    17.44259348037555    0.007038114781481844
2459190.54892974    17.44401510641536    0.008033864963772284
2459190.54927695    17.40568546335474    0.007064922736955636
2459190.54962415    17.43707427657265    0.007038141647548998
2459190.54997135    17.438980068353363    0.007038324968417195
2459190.55031856    17.436793095408564    0.007038114781481844
2459190.55066577    17.43516818891958    0.007038114781481844
2459190.55101297    17.43234966857608    0.007038577957925078
2459190.55136018    17.434009595754155    0.00703786781101228
2459190.55170738    17.429489739822582    0.00703786781101228
2459190.55205458    17.43597476123351    0.007037833000845136
2459190.55240179    17.44544330298378    0.007037833000845136
2459190.552749    17.42823492763227    0.007037833000845136
2459190.5530962    17.422814692619355    0.007038114781481844
2459190.55344341    17.44622789634723    0.007037833000845136
2459190.55379061    17.437942493152583    0.00703786781101228
2459190.55413782    17.435790036002178    0.007038114781481844
2459190.55448502    17.43063168654988    0.00703786781101228
2459190.55483223    17.45199052055047    0.007038079515984544
2459190.55517943    17.433268281842654    0.00703786781101228
2459190.55552664    17.420309038013524    0.007037833000845136
2459190.55587384    17.443392597200774    0.007038114781481844
2459190.55622105    17.442216727390658    0.007038114781481844
2459190.55656825    17.446415208993752    0.007038114781481844
2459190.55691546    17.428169213642914    0.007038114781481844
2459190.55726266    17.435028559280013    0.007037833000845136
2459190.55760986    17.435101634429866    0.007037833000845136
2459190.55795707    17.43866412727897    0.007038577957925078
2459190.55830428    17.430164732996847    0.00703786781101228
2459190.55865149    17.444593272702058    0.00703786781101228
2459190.55899869    17.44075947998715    0.007037833000845136
2459190.55934589    17.439939727488028    0.007038079515984544
2459190.5596931    17.436711042657556    0.007038577957925078
2459190.5600403    17.427690050203264    0.007038577957925078
2459190.56038751    17.443997869702358    0.007038577957925078
2459190.56073471    17.44775519198556    0.007038577957925078
2459190.56108192    17.430369365547243    0.008057117290677243
2459190.56142912    17.438732860193465    0.008057170964114672
2459190.56177633    17.435563903534277    0.007064922736955636
2459190.56212353    17.442784726524252    0.008057117290677243
2459190.56247074    17.421911155484928    0.008057048470300239
2459190.56281794    17.447409724985715    0.008057117290677243
2459190.56316514    17.436115895325873    0.008057117290677243
2459190.56351235    17.437511215996683    0.008057213624174032
2459190.56385956    17.433987139773862    0.008057170964114672
2459190.56420676    17.43918942439058    0.008033889202725594
2459190.56455397    17.435868694806103    0.007064922736955636
2459190.56490117    17.43626610281882    0.008057117290677243
2459190.56524838    17.43604416848547    0.008057117290677243
2459190.56559559    17.438993814060158    0.008057213624174032
2459190.56594279    17.439588037095906    0.008057558988452122
2459190.56628999    17.42485933637739    0.008057602229778157
2459190.5666372    17.43835645800145    0.009051357176207916
2459190.5669844    17.43875609277396    0.009051395904349755
