2458663.70907999    14.773684665655338    0.0024037008503093264
2458663.7095144    14.779861894492637    0.0024037008503093264
2458663.70994901    14.789330619860545    0.002304767526838592
2458663.7103833    14.78421992491203    0.002395823658052346
2458663.71082139    14.776615734348749    0.0024037008503093264
2458663.71125568    14.776666877549989    0.0033705571850518898
2458663.71168984    14.788932846817328    0.002304767526838592
2458663.71212391    14.778740026451018    0.0024037008503093264
2458663.7125583    14.790361700099496    0.0024037008503093264
2458663.71299247    14.792971032094522    0.0024037008503093264
2458663.71342675    14.79377129717244    0.002304767526838592
2458663.71386079    14.78030080756242    0.0024037008503093264
2458663.71429601    14.78911088615338    0.0023673356489662192
2458663.71473017    14.790108281970474    0.0023673356489662192
2458663.71516433    14.780771542843414    0.002304767526838592
2458663.71559862    14.780512859824439    0.002304767526838592
2458663.71603301    14.790340180811217    0.002304767526838592
2458663.71646742    14.786710839744154    0.002296592319761137
2458663.7169018    14.79230465385361    0.002296592319761137
2458663.71733735    14.784061189385724    0.002304767526838592
2458663.71777199    14.780150896454602    0.002304767526838592
2458663.71820881    14.80004231288017    0.002304767526838592
2458663.71864286    14.786336112387598    0.002304767526838592
2458663.71907715    14.784395867141866    0.0023673356489662192
2458663.71951166    14.784308898631272    0.002395823658052346
2458663.71994619    14.787647125021188    0.002296592319761137
2458663.72038047    14.78686040998234    0.002296592319761137
2458663.72081463    14.793372137514673    0.002304767526838592
2458663.7212497    14.78423297373777    0.002304767526838592
2458663.72168389    14.788261316211493    0.002296592319761137
2458663.7221184    14.787668958277614    0.002304767526838592
2458663.72255303    14.790820618886894    0.002296592319761137
2458663.72298731    14.790444243865888    0.002254485920762712
2458663.7234216    14.788323507755    0.002254485920762712
2458663.72385587    14.788187734425387    0.002254485920762712
2458663.7242905    14.789736165020857    0.002254485920762712
2458663.72472547    14.785284589390354    0.002254485920762712
2458663.72515964    14.791276637434763    0.002254485920762712
2458663.72559391    14.789629585901132    0.002254485920762712
2458663.72602935    14.790335896401986    0.002254485920762712
2458663.72646399    14.785523424562712    0.002254485920762712
2458663.72689804    14.78644780562607    0.002254485920762712
2458663.72733243    14.79022932332913    0.002254485920762712
2458663.72777135    14.786762637755444    0.002254485920762712
2458663.72820563    14.78293793528316    0.002304767526838592
2458663.72863979    14.789626431267234    0.002254485920762712
2458663.7290742    14.783490655361945    0.002254485920762712
2458663.72950987    14.793046585709757    0.002254485920762712
2458663.72994415    14.788399533997024    0.002254485920762712
2458663.73037946    14.78797050853153    0.002254485920762712
2458663.73081352    14.78809037813759    0.002254485920762712
2458663.73124803    14.784631292136476    0.002254485920762712
2458663.7316821    14.789390259307794    0.002254485920762712
2458663.73211647    14.787998845038233    0.002254485920762712
2458663.73255112    14.789404418124109    0.002254485920762712
2458663.73298563    14.788143828363598    0.0022424476423255524
2458663.73342083    14.79012533122667    0.002254485920762712
2458663.73385511    14.789597488827544    0.0012572371141874243
2458663.73428985    14.786771068998883    0.002254485920762712
2458663.73472413    14.787951084955324    0.002254485920762712
2458663.73515935    14.78667544459452    0.0022424476423255524
2458663.73559339    14.785033393635953    0.0012572371141874243
2458663.73602746    14.793055033618332    0.002254485920762712
2458663.73646183    14.790505724620456    0.002254485920762712
2458663.7368973    14.790437598476718    0.002254485920762712
2458663.73733157    14.790031148446849    0.002254485920762712
2458663.73776632    14.792865291136147    0.002254485920762712
2458663.73820059    14.783781816686822    0.002296592319761137
2458663.73863476    14.797864422985272    0.002254485920762712
2458663.73906893    14.793044440954493    0.002254485920762712
2458663.73950344    14.787487610592478    0.002254485920762712
2458663.73993749    14.7872766533185    0.002254485920762712
2458663.74037177    14.790840127913029    0.002254485920762712
2458663.74080605    14.791114627867076    0.002296592319761137
2458663.74124069    14.790335491579068    0.002254485920762712
2458663.74167507    14.792665881641682    0.002254485920762712
2458663.74210935    14.7891692058688    0.002254485920762712
2458663.74254364    14.78862741712633    0.002254485920762712
2458663.74297803    14.783860062648937    0.002254485920762712
2458663.74341256    14.788265637935227    0.002254485920762712
2458663.74384696    14.789122343420578    0.002254485920762712
2458663.74428112    14.789535444275668    0.002254485920762712
2458663.7447161    14.787707928616438    0.002254485920762712
2458663.74515038    14.784188696452578    0.002254485920762712
2458663.74558524    14.792782235616809    0.002254485920762712
2458663.7460194    14.789097592110997    0.002254485920762712
2458663.74645368    14.786112194533604    0.002254485920762712
2458663.74688785    14.788464471508547    0.0012398844433397093
2458663.74732248    14.786024101744909    0.0022424476423255524
2458663.74775653    14.788253745974693    0.002254485920762712
2458663.74819094    14.78645553039664    0.0012398844433397093
2458663.74862555    14.787617286317847    0.0012572371141874243
2458663.74906146    14.786126153718131    0.0012398844433397093
2458663.74949575    14.789924169719912    0.0012398844433397093
2458663.74993002    14.790786942940754    0.0012572371141874243
2458663.75036407    14.787123281325275    0.002254485920762712
2458663.75080253    14.78621366848052    0.0012398844433397093
2458663.7512367    14.785249625610208    0.0012639265696408092
2458663.75167085    14.786988809712193    0.0012398844433397093
2458663.75210512    14.788189811146806    0.0012398844433397093
2458663.75251302    14.787860084998027    0.002304767526838592
2458663.75325567    14.786364485405924    0.002296592319761137
2458663.75357442    14.789084311114696    0.002296592319761137
2458663.75389273    14.786618304183678    0.002296592319761137
2458663.75421208    14.784967450159542    0.002304767526838592
2458663.75453143    14.784331863557167    0.002304767526838592
2458663.7548503    14.784919350068456    0.002296592319761137
2458663.75516872    14.789506438461261    0.002296592319761137
2458663.7554943    14.7881022452824    0.002296592319761137
2458663.75581273    14.786848625522971    0.002296592319761137
2458663.75613198    14.79237375181493    0.002296592319761137
2458663.75645074    14.785217471149906    0.002296592319761137
2458663.75676961    14.786353223870334    0.002296592319761137
2458663.75740681    14.787575118471263    0.002304767526838592
2458663.75772512    14.784645457928681    0.002296592319761137
2458663.75804539    14.78935640625069    0.002296592319761137
2458663.75836402    14.792421366903234    0.002296592319761137
2458663.75868442    14.784704779877114    0.002304767526838592
2458663.75900293    14.786359801521085    0.0023673356489662192
2458663.75932135    14.787917107445795    0.002296592319761137
2458663.75964002    14.785690031975168    0.002296592319761137
2458663.75996053    14.786374427223787    0.002296592319761137
2458663.76027976    14.79055744985616    0.0023673356489662192
2458663.76059827    14.785292176109245    0.002304767526838592
2458663.7609167    14.787197622639725    0.002296592319761137
2458663.76123548    14.794244881430975    0.002296592319761137
2458663.76155492    14.754823101588347    0.002296592319761137
2458663.76187334    14.792507535122425    0.002296592319761137
2458663.76219236    14.797439745265065    0.002296592319761137
2458663.76251228    14.788106452204536    0.002296592319761137
2458663.76283094    14.785870527355488    0.002296592319761137
2458663.76314924    14.785305221086045    0.002304767526838592
2458663.76346788    14.7861877323805    0.002395823658052346
2458663.76378663    14.782985180992874    0.002395823658052346
2458663.76410565    14.788845456936185    0.002395823658052346
2458663.76442407    14.790097237356665    0.002395823658052346
2458663.76474327    14.786035325377632    0.002395823658052346
2458663.7650617    14.790641913921984    0.002304767526838592
2458663.76538024    14.79894888150447    0.0023673356489662192
2458663.76569879    14.795153569034866    0.002304767526838592
2458663.76602183    14.785667968378755    0.0023673356489662192
2458663.76634034    14.782437737220306    0.002304767526838592
2458663.76665901    14.789588928200562    0.002395823658052346
2458663.76697743    14.780644478558209    0.002395823658052346
2458663.76729979    14.805621438764272    0.0034156502553198665
2458663.76761798    14.78927218603016    0.002395823658052346
2458663.76793709    14.787169193057078    0.002395823658052346
2458663.76825643    14.787366791446525    0.0023673356489662192
2458663.76857554    14.791676817691778    0.002296592319761137
2458663.76889385    14.790184262079665    0.002296592319761137
2458663.76921284    14.786266915254547    0.002296592319761137
2458663.76953162    14.788358421833408    0.002296592319761137
2458663.76985073    14.786596058382637    0.0023673356489662192
2458663.77016925    14.790198513357838    0.0024384310418680997
2458663.77048803    14.788340904900979    0.002296592319761137
2458663.77080714    14.788352759415273    0.002296592319761137
2458663.77112592    14.785771699622451    0.002296592319761137
2458663.77144455    14.802827524152608    0.002395823658052346
2458663.77176286    14.791503675698138    0.003517451072899636
2458663.77208164    14.787453310365319    0.002296592319761137
2458663.77239995    14.785232935328636    0.002395823658052346
2458663.77271825    14.781006055061084    0.002304767526838592
2458663.77303656    14.791042499165165    0.002304767526838592
2458663.77335498    14.775054174315652    0.0035253021567460017
2458663.77367373    14.784251171632683    0.002395823658052346
2458663.77399249    14.783859639873763    0.002395823658052346
2458663.77431139    14.794620168855433    0.016967287393956136
2458663.77463038    14.786360651863486    0.009513633710549838
2458663.77558506    14.790678136206663    0.003517451072899636
2458663.77590405    14.775956238972306    0.003423466570831925
2458663.77622363    14.795695044593204    0.002395823658052346
2458663.77686033    14.787791183640302    0.007024072173019993
2458663.77749835    14.786206798087399    0.005833430064719942
2458663.77781722    14.780469698772546    0.004848132334320316
2458663.77940898    14.76756367914857    0.004821239797267041
2458663.77972809    14.797117862386306    0.007122035086926103
2458663.78004652    14.769380907768012    0.004814118189317045
2458663.78036482    14.785813494209528    0.002395823658052346
2458663.781002    14.766699629549311    0.005864655949775935
2458663.78132078    14.806229025064168    0.004721363212412938
2458663.78163897    14.759756960473117    0.004783010869991426
2458663.78196872    14.828311578937642    0.00955618319242848
2458663.78228738    14.811366480708305    0.014395209347581386
2458663.78260557    14.770300759248414    0.007166206050670432
2458663.78292468    14.811576004898379    0.0034156502553198665
2458663.78324298    14.80225622189533    0.005856995583023042
2458663.78419939    14.761902019099992    0.0035656993731388495
2458663.78451805    14.795192270498841    0.002304767526838592
2458663.78706828    14.78514702388755    0.0023673356489662192
2458663.79184828    14.779774428317351    0.0024384310418680997
2458663.79216718    14.840157817884021    0.009559263562478467
2458663.79248614    14.82546808227582    0.008505581331894075
2458663.79695213    14.787115780561031    0.004848132334320316
2458663.79950561    14.78557733327201    0.012009123365351513
2458663.79982773    14.7950877957567    0.0035656993731388495
2458663.80014627    14.788526377380515    0.0035656993731388495
2458663.80046494    14.800004574013254    0.007194755418678698
2458663.80144843    14.794789248563161    0.005974727971969649
2458663.80176695    14.803649573500188    0.014435111888404737
2458663.80240612    14.805876765073354    0.00953377735836503
2458663.80272455    14.792805558745034    0.017069719041394454
2458663.80304297    14.776501435740016    0.018321114501821403
2458663.80336184    14.946860703689145    0.016406473866077544
2458663.8039989    14.790168531098947    0.003597377709339349
2458663.80431849    14.794762248851464    0.0024384310418680997
2458663.80463679    14.773125262007413    0.007326416932687436
2458663.80527397    14.787143063766592    0.00587612172028196
2458663.80559215    14.79781689828212    0.009637088471199352
2458663.80591174    14.781868203131816    0.0024384310418680997
2458663.80623005    14.798121463285566    0.003597377709339349
2458663.80655273    14.78608300886262    0.002395823658052346
2458663.80687152    14.778532937312274    0.002296592319761137
2458663.80718982    14.840033607294526    0.007113904150888083
2458663.80750881    14.792720268052246    0.010835169243818008
2458663.80782712    14.762225265927153    0.011050246123763716
2458663.80814566    14.800306291680325    0.006004369946252926
2458663.80846465    14.78445581549086    0.003449268863433539
2458663.80942118    14.780926074073868    0.002395823658052346
2458663.80974029    14.795140625799844    0.002395823658052346
2458663.81005883    14.788466043895339    0.002254485920762712
2458663.81037866    14.788121840244512    0.002254485920762712
2458663.81069705    14.780282765013858    0.002304767526838592
2458663.81101583    14.798574312317392    0.0034404766286990113
2458663.81133518    14.789017863852363    0.0035656993731388495
2458663.81165381    14.82567328449148    0.01064676280728391
2458663.81197281    14.779098156095666    0.0034404766286990113
2458663.81229135    14.815266975927766    0.006007185905736167
2458663.81292832    14.754038984659573    0.005864655949775935
2458663.81324799    14.78506986301463    0.002304767526838592
2458663.81356746    14.78322884993687    0.002254485920762712
2458663.81389352    14.788583780309024    0.002254485920762712
2458663.81421286    14.787923796156736    0.002254485920762712
2458663.81453105    14.788534509762135    0.002254485920762712
2458663.81485028    14.78631813665371    0.002254485920762712
2458663.81516963    14.793221662868596    0.002296592319761137
2458663.81548817    14.787810212906104    0.002254485920762712
2458663.81580704    14.780187831352793    0.002254485920762712
2458663.81612571    14.785158556112902    0.002304767526838592
2458663.81644398    14.785825965543708    0.002395823658052346
2458663.81676241    14.76976665227066    0.0035253021567460017
2458663.81708107    14.787151256035745    0.002296592319761137
2458663.81740262    14.785121013835296    0.002254485920762712
2458663.81772114    14.787235480792324    0.002254485920762712
2458663.81803944    14.785049199903739    0.002254485920762712
2458663.81835775    14.787780212069134    0.002254485920762712
2458663.81867665    14.783315724698298    0.002254485920762712
2458663.8189954    14.78709849538865    0.002296592319761137
2458663.81931371    14.785138643216552    0.002254485920762712
2458663.81963189    14.786095221671237    0.002254485920762712
2458663.81995008    14.786074356329268    0.002254485920762712
2458663.82026826    14.787639957340344    0.002254485920762712
2458663.82059339    14.786799416014034    0.002254485920762712
2458663.82091206    14.788921798258492    0.002296592319761137
2458663.8212306    14.786827468521683    0.002296592319761137
2458663.82155144    14.786156849862822    0.002304767526838592
2458663.82187147    14.78610776618995    0.002296592319761137
2458663.82218966    14.784657397895566    0.002254485920762712
2458663.82250796    14.789874869751676    0.002296592319761137
2458663.82282615    14.787010634924046    0.002296592319761137
2458663.82314469    14.787534643067335    0.002254485920762712
2458663.82346324    14.78721301925296    0.002254485920762712
2458663.82378175    14.786041772111904    0.002254485920762712
2458663.82410077    14.789464500594299    0.002254485920762712
2458663.82441932    14.786172951967893    0.002254485920762712
2458663.82473771    14.788634789734017    0.0022424476423255524
2458663.82505754    14.788995849241086    0.002254485920762712
2458663.82537641    14.789817076710332    0.002254485920762712
2458663.82569504    14.79356870979617    0.002296592319761137
2458663.82601418    14.786686758454893    0.002296592319761137
2458663.82633273    14.786769419697952    0.002296592319761137
2458663.82665124    14.785896329453562    0.002296592319761137
2458663.82697047    14.779483822173438    0.002395823658052346
2458663.82728877    14.788769608643848    0.002296592319761137
2458663.82760756    14.787684123893165    0.002296592319761137
2458663.82792598    14.78294377865765    0.002296592319761137
2458663.82825108    14.785140366104486    0.002254485920762712
2458663.82856939    14.78523228052552    0.002254485920762712
2458663.82888805    14.786264038157013    0.002254485920762712
2458663.82920692    14.78568676937713    0.002254485920762712
2458663.82952591    14.782365137511633    0.002254485920762712
2458663.82984434    14.789848027167336    0.002254485920762712
2458663.83016276    14.788646706492884    0.002254485920762712
2458663.83048107    14.78749801940163    0.002254485920762712
2458663.83079949    14.787281661124666    0.002254485920762712
2458663.83111803    14.787606654039276    0.002254485920762712
2458663.83143634    14.788773756421707    0.002254485920762712
2458663.83175509    14.78606867030189    0.002254485920762712
2458663.83207384    14.78826603943525    0.002296592319761137
2458663.83239203    14.789906628614542    0.002254485920762712
2458663.83271141    14.788006574537762    0.002296592319761137
2458663.83303028    14.785239672382405    0.002296592319761137
2458663.83335621    14.786024307709095    0.002254485920762712
2458663.83367497    14.784198920649766    0.002254485920762712
2458663.83399375    14.790027668562049    0.002254485920762712
2458663.83431241    14.787638373561963    0.002254485920762712
2458663.83463084    14.787967879767548    0.0022424476423255524
2458663.83494926    14.791562047806373    0.0022424476423255524
2458663.8352678    14.784500574555569    0.002254485920762712
2458663.83558617    14.784148878845311    0.002254485920762712
2458663.83590448    14.786886145585196    0.002296592319761137
2458663.8362229    14.787874059049532    0.002254485920762712
2458663.83654192    14.791201904306162    0.002296592319761137
2458663.83686207    14.786644307345172    0.002254485920762712
2458663.83718121    14.792514904387025    0.004560526343872559
