2459190.53156949    17.08829697010926    0.012055917294578401
2459190.53191669    17.084942529987167    0.013051542457712999
2459190.5322639    17.102011633457643    0.012055722676817902
2459190.5326111    17.10530815156796    0.011060292544584805
2459190.53295831    17.09574931036853    0.010055840779452162
2459190.53330551    17.090335031425937    0.009061400040964854
2459190.53365272    17.107499817851696    0.0090531877226181
2459190.53399993    17.077166838526107    0.0090531877226181
2459190.53434713    17.08675293811711    0.009053100413550563
2459190.53469433    17.112784211760424    0.00905274770438596
2459190.53504154    17.094548400351087    0.008059090518084523
2459190.53538874    17.09581367371028    0.008058992016655097
2459190.53573595    17.103012064553813    0.008058865682592533
2459190.53608315    17.109777752739333    0.007066898965428936
2459190.53643036    17.09462557070093    0.007066857787105508
2459190.53677757    17.093165480920156    0.007066101561069389
2459190.53712477    17.10309883637712    0.007038969319693117
2459190.53747197    17.09054326290992    0.0070659087689617485
2459190.53781918    17.09757631407308    0.0070659087689617485
2459190.53816638    17.109175146225834    0.0060451117211901785
2459190.53851359    17.089799858235107    0.006045217139230698
2459190.53886079    17.094044560700095    0.00604513682262429
2459190.539208    17.104587073741552    0.0060451117211901785
2459190.53955521    17.08389291547831    0.0060451117211901785
2459190.53990241    17.10165984181208    0.00604513682262429
2459190.54024961    17.108308304097573    0.006045079507841716
2459190.54059682    17.091646708640408    0.0060451117211901785
2459190.54094402    17.10361250474767    0.006044963165296274
2459190.54129123    17.092383580640437    0.00604492109956222
2459190.54163843    17.086039540599106    0.006045079507841716
2459190.54198564    17.098673063194738    0.006044995212523536
2459190.54233285    17.085574778276484    0.006044423849906062
2459190.54268005    17.09357695371397    0.006044382786796451
2459190.54302726    17.08507400652386    0.005052878716660709
2459190.54337446    17.094117586769627    0.0050528302314430526
2459190.54372167    17.09124537557925    0.0050528302314430526
2459190.54406887    17.085559076966586    0.0050528302314430526
2459190.54441607    17.08864780650147    0.0050528302314430526
2459190.54476328    17.089604487430808    0.0050528302314430526
2459190.54511049    17.104853593982703    0.0050528302314430526
2459190.54545769    17.106295660248815    0.0050528302314430526
2459190.5458049    17.097023633565048    0.005052878716660709
2459190.5461521    17.096455144728367    0.0050528302314430526
2459190.5464993    17.104602681915722    0.006044382786796451
2459190.54684651    17.097430950376488    0.006044423849906062
2459190.54719371    17.10346792812643    0.006044963165296274
2459190.54754092    17.094392437060964    0.006044382786796451
2459190.54788812    17.09344133941633    0.006044963165296274
2459190.54823533    17.086547262552134    0.006044423849906062
2459190.54858254    17.10970468005953    0.006044423849906062
2459190.54892974    17.094240979487605    0.006045079507841716
2459190.54927695    17.093022767233393    0.006075617933935009
2459190.54962415    17.096519319334146    0.006044455132678522
2459190.54997135    17.091528717618594    0.00505351544581046
2459190.55031856    17.09844077844347    0.006044423849906062
2459190.55066577    17.111909886478486    0.006044423849906062
2459190.55101297    17.105179915494073    0.006044963165296274
2459190.55136018    17.09092248871129    0.005052878716660709
2459190.55170738    17.088478927258834    0.005052878716660709
2459190.55205458    17.089033450764468    0.0050528302314430526
2459190.55240179    17.092564260598984    0.0050528302314430526
2459190.552749    17.08541047377668    0.0050528302314430526
2459190.5530962    17.106036703099708    0.006044423849906062
2459190.55344341    17.08848780633171    0.0050528302314430526
2459190.55379061    17.0842312922098    0.005052878716660709
2459190.55413782    17.09709827202503    0.006044423849906062
2459190.55448502    17.098949462927134    0.005052878716660709
2459190.55483223    17.101307497835496    0.006044382786796451
2459190.55517943    17.091573677267803    0.005052878716660709
2459190.55552664    17.099591624810053    0.0050528302314430526
2459190.55587384    17.097640706459664    0.006044423849906062
2459190.55622105    17.09541824490271    0.006044423849906062
2459190.55656825    17.088557579897763    0.006044423849906062
2459190.55691546    17.09923943620677    0.006044423849906062
2459190.55726266    17.094013192666022    0.0050528302314430526
2459190.55760986    17.11198679251336    0.0050528302314430526
2459190.55795707    17.10543547700937    0.006044963165296274
2459190.55830428    17.083807500660228    0.005052878716660709
2459190.55865149    17.084092241193062    0.005052878716660709
2459190.55899869    17.106098993749274    0.0050528302314430526
2459190.55934589    17.110103683596417    0.006044382786796451
2459190.5596931    17.09668288891843    0.006044963165296274
2459190.5600403    17.09445280239628    0.006044963165296274
2459190.56038751    17.099534087887488    0.006044963165296274
2459190.56073471    17.097047005887642    0.006044963165296274
2459190.56108192    17.10239844810765    0.00607594758335934
2459190.56142912    17.092480455084203    0.006076018757786432
2459190.56177633    17.09301079553013    0.006075617933935009
2459190.56212353    17.096911274416726    0.00607594758335934
2459190.56247074    17.09069725578073    0.006075856322590867
2459190.56281794    17.092834850918496    0.00607594758335934
2459190.56316514    17.107159067030697    0.00607594758335934
2459190.56351235    17.091150998033868    0.0060760753275099924
2459190.56385956    17.09020166427059    0.006076018757786432
2459190.56420676    17.093956393621767    0.0060451117211901785
2459190.56455397    17.104165341254827    0.006075617933935009
2459190.56490117    17.085069243359122    0.00607594758335934
2459190.56524838    17.09033014748789    0.00607594758335934
2459190.56559559    17.089738546720874    0.0060760753275099924
2459190.56594279    17.092767012279232    0.007065709932652599
2459190.56628999    17.105447583174065    0.007065759243940169
2459190.5666372    17.092328546018404    0.0070659087689617485
2459190.5669844    17.105086181308778    0.007065958379249027
