2459190.53156949    14.979165556654516    0.0023119562741787687
2459190.53191669    14.966027038293179    0.002311441222589292
2459190.5322639    14.962296059489356    0.002310941206595564
2459190.5326111    14.988776880348812    0.002308694690035529
2459190.53295831    14.99138713866964    0.0022627270674328063
2459190.53330551    14.986127146895527    0.002260303232399998
2459190.53365272    14.985431818114371    0.0022271524287670844
2459190.53399993    14.987224717318947    0.0022271524287670844
2459190.53434713    14.98292308694271    0.002226797498163985
2459190.53469433    14.982053426886017    0.0022253631162723188
2459190.53504154    14.978903881250186    0.0022246213112976916
2459190.53538874    14.981243015621558    0.002224264445723705
2459190.53573595    14.9855032679462    0.0022238066665219835
2459190.53608315    14.98531921534684    0.002222849744715228
2459190.53643036    14.984206093915601    0.0022227188268365713
2459190.53677757    14.978774265542707    0.002220313327291274
2459190.53712477    14.985725483669437    0.0021323904622702165
2459190.53747197    14.989177775923524    0.0022196996939429737
2459190.53781918    14.978209096547548    0.0022196996939429737
2459190.53816638    14.988797002858647    0.00213151958040992
2459190.53851359    14.985401993950507    0.0021318185336581955
2459190.53886079    14.98761858244184    0.00213159076847506
2459190.539208    14.991124987665863    0.00213151958040992
2459190.53955521    14.997387129330475    0.00213151958040992
2459190.53990241    14.980103165822495    0.00213159076847506
2459190.54024961    14.984693948163189    0.002131428219792503
2459190.54059682    14.983968281523325    0.00213151958040992
2459190.54094402    14.984864019846642    0.0021310982309102372
2459190.54129123    14.979559448091468    0.0021309789064963827
2459190.54163843    14.978134575746283    0.002131428219792503
2459190.54198564    14.990682477818707    0.002131189132722028
2459190.54233285    14.982494187014652    0.0021295679555518345
2459190.54268005    14.9894023750249    0.002129451401962776
2459190.54302726    14.98380185419123    0.002128751588439284
2459190.54337446    14.98974468105368    0.002128636499683507
2459190.54372167    14.993768932077318    0.002128636499683507
2459190.54406887    14.975976717686898    0.002128636499683507
2459190.54441607    14.975957551703942    0.002128636499683507
2459190.54476328    14.96680475483119    0.002128636499683507
2459190.54511049    14.983943205334487    0.002128636499683507
2459190.54545769    14.990273841482285    0.002128636499683507
2459190.5458049    14.979890004906272    0.002128751588439284
2459190.5461521    14.979209733857152    0.002128636499683507
2459190.5464993    14.978245914062379    0.002129451401962776
2459190.54684651    14.988963648372023    0.0021295679555518345
2459190.54719371    14.974891322034711    0.0021310982309102372
2459190.54754092    14.981708151803893    0.002129451401962776
2459190.54788812    14.975651406548867    0.0021310982309102372
2459190.54823533    14.98365410883231    0.0021295679555518345
2459190.54858254    14.995711135855473    0.0021295679555518345
2459190.54892974    14.985150278876137    0.002131428219792503
2459190.54927695    14.979838539813308    0.002216558882401438
2459190.54962415    14.979245600578082    0.0021296567448684605
2459190.54997135    14.983169941398451    0.0021302625098904814
2459190.55031856    14.991001777062447    0.0021295679555518345
2459190.55066577    14.978395895698268    0.0021295679555518345
2459190.55101297    14.994596573916924    0.0021310982309102372
2459190.55136018    14.980275831718458    0.002128751588439284
2459190.55170738    14.982775394823614    0.002128751588439284
2459190.55205458    14.982279881746887    0.002128636499683507
2459190.55240179    14.98576789355296    0.002128636499683507
2459190.552749    14.970578949716772    0.002128636499683507
2459190.5530962    14.968178064599346    0.0021295679555518345
2459190.55344341    14.981610495235758    0.002128636499683507
2459190.55379061    15.000344152320782    0.002128751588439284
2459190.55413782    14.983210547436968    0.0021295679555518345
2459190.55448502    14.97407079864315    0.002128751588439284
2459190.55483223    14.985447940208486    0.002129451401962776
2459190.55517943    14.987743672482162    0.002128751588439284
2459190.55552664    14.984802021506443    0.002128636499683507
2459190.55587384    14.978902751967839    0.0021295679555518345
2459190.55622105    14.98274359028696    0.0021295679555518345
2459190.55656825    14.983958273404415    0.0021295679555518345
2459190.55691546    14.983727931400164    0.0021295679555518345
2459190.55726266    14.988602338785029    0.002128636499683507
2459190.55760986    14.998689842047714    0.002128636499683507
2459190.55795707    14.991266087263813    0.0021310982309102372
2459190.55830428    14.975779726657535    0.002128751588439284
2459190.55865149    14.975220538837387    0.002128751588439284
2459190.55899869    14.976398214559767    0.002128636499683507
2459190.55934589    14.989589084327841    0.002129451401962776
2459190.5596931    14.973370133361874    0.0021310982309102372
2459190.5600403    14.98635794328766    0.0021310982309102372
2459190.56038751    14.988673591692855    0.0021310982309102372
2459190.56073471    14.984437726447318    0.0021310982309102372
2459190.56108192    14.98505765391313    0.0022174622963491864
2459190.56142912    14.989425801080273    0.002217657310084805
2459190.56177633    14.990260353303395    0.002216558882401438
2459190.56212353    14.98348349882967    0.0022174622963491864
2459190.56247074    14.980611021608706    0.0022172122254685974
2459190.56281794    14.983109413638031    0.0022174622963491864
2459190.56316514    14.978814092761242    0.0022174622963491864
2459190.56351235    15.001206565858897    0.0022178122971919104
2459190.56385956    14.997678243221081    0.002217657310084805
2459190.56420676    14.982874840260418    0.00213151958040992
2459190.56455397    14.97854693909154    0.002216558882401438
2459190.56490117    14.978935649428715    0.0022174622963491864
2459190.56524838    14.988703448306419    0.0022174622963491864
2459190.56559559    14.983641215702619    0.0022178122971919104
2459190.56594279    14.983221907084374    0.002219066662447432
2459190.56628999    14.979477978382029    0.0022192236690622104
2459190.5666372    14.972958132724175    0.0022196996939429737
2459190.5669844    14.97933901931952    0.0022198576119381013
