2458663.70907999    16.27722944658143    0.006146362971528592
2458663.7095144    16.25443114178681    0.006146362971528592
2458663.70994901    16.244924344800175    0.005129517847982369
2458663.7103833    16.223838109479534    0.005171070585525141
2458663.71082139    16.2552585925522    0.006146362971528592
2458663.71125568    16.267334195355083    0.00619359796384177
2458663.71168984    16.23562461693311    0.005129517847982369
2458663.71212391    16.252456243789545    0.006146362971528592
2458663.7125583    16.261102382678363    0.006146362971528592
2458663.71299247    16.25073616753483    0.006146362971528592
2458663.71342675    16.234560891689863    0.005129517847982369
2458663.71386079    16.262114847597868    0.006146362971528592
2458663.71429601    16.23594943819098    0.005157933508185842
2458663.71473017    16.23797128631876    0.005157933508185842
2458663.71516433    16.232658999476158    0.005129517847982369
2458663.71559862    16.234424776085056    0.005129517847982369
2458663.71603301    16.24227656231217    0.005129517847982369
2458663.71646742    16.232671687639414    0.004156240643079493
2458663.7169018    16.229289966438447    0.004156240643079493
2458663.71733735    16.242071032541062    0.005129517847982369
2458663.71777199    16.245185218960124    0.005129517847982369
2458663.71820881    16.2241012374758    0.005129517847982369
2458663.71864286    16.237419483104468    0.005129517847982369
2458663.71907715    16.24250369746038    0.005157933508185842
2458663.71951166    16.254441200956556    0.005171070585525141
2458663.71994619    16.228803900480983    0.004156240643079493
2458663.72038047    16.22804164451925    0.004156240643079493
2458663.72081463    16.23057782433604    0.005129517847982369
2458663.7212497    16.245463164116366    0.005129517847982369
2458663.72168389    16.228515960579266    0.004156240643079493
2458663.7221184    16.23594807465216    0.005129517847982369
2458663.72255303    16.22812421403464    0.004156240643079493
2458663.72298731    16.234772298064524    0.004133123125061398
2458663.7234216    16.22567602158151    0.004133123125061398
2458663.72385587    16.226564706725803    0.004133123125061398
2458663.7242905    16.233137616094474    0.004133123125061398
2458663.72472547    16.231710538382504    0.004133123125061398
2458663.72515964    16.22772703928835    0.004133123125061398
2458663.72559391    16.224104446254856    0.004133123125061398
2458663.72602935    16.22183528113676    0.004133123125061398
2458663.72646399    16.228047288621443    0.004133123125061398
2458663.72689804    16.228996115806037    0.004133123125061398
2458663.72733243    16.236802098749436    0.004133123125061398
2458663.72777135    16.23736013357351    0.004133123125061398
2458663.72820563    16.23555989015211    0.005129517847982369
2458663.72863979    16.233272838420646    0.004133123125061398
2458663.7290742    16.23816152890966    0.004133123125061398
2458663.72950987    16.219741996594404    0.004133123125061398
2458663.72994415    16.23211940393256    0.004133123125061398
2458663.73037946    16.223714895530925    0.004133123125061398
2458663.73081352    16.22685921180898    0.004133123125061398
2458663.73124803    16.230424597814636    0.004133123125061398
2458663.7316821    16.225208012208704    0.004133123125061398
2458663.73211647    16.231841062077965    0.004133123125061398
2458663.73255112    16.225271115064782    0.004133123125061398
2458663.73298563    16.227034997311044    0.0031667919774704856
2458663.73342083    16.22404101104853    0.004133123125061398
2458663.73385511    16.222537627700294    0.003095261727429576
2458663.73428985    16.224735692834287    0.004133123125061398
2458663.73472413    16.227940167841613    0.004133123125061398
2458663.73515935    16.224689039482957    0.0031667919774704856
2458663.73559339    16.235071434068647    0.003095261727429576
2458663.73602746    16.227117521273772    0.004133123125061398
2458663.73646183    16.2345926763885    0.004133123125061398
2458663.7368973    16.230549076330526    0.004133123125061398
2458663.73733157    16.235167084800793    0.004133123125061398
2458663.73776632    16.216025713003503    0.004133123125061398
2458663.73820059    16.23296669705431    0.004156240643079493
2458663.73863476    16.2260737562142    0.004133123125061398
2458663.73906893    16.22127822704486    0.004133123125061398
2458663.73950344    16.23774586868962    0.004133123125061398
2458663.73993749    16.22855935751065    0.004133123125061398
2458663.74037177    16.233147291182295    0.004133123125061398
2458663.74080605    16.23444625018723    0.004156240643079493
2458663.74124069    16.22969159322318    0.004133123125061398
2458663.74167507    16.233046447975376    0.004133123125061398
2458663.74210935    16.237574231253383    0.004133123125061398
2458663.74254364    16.228056902138782    0.004133123125061398
2458663.74297803    16.22831401290173    0.004133123125061398
2458663.74341256    16.229744061322528    0.004133123125061398
2458663.74384696    16.231625232625202    0.004133123125061398
2458663.74428112    16.236062785790978    0.004133123125061398
2458663.7447161    16.236259768601034    0.004133123125061398
2458663.74515038    16.227764995488066    0.004133123125061398
2458663.74558524    16.224383026381382    0.004133123125061398
2458663.7460194    16.221722835186252    0.004133123125061398
2458663.74645368    16.234761896659748    0.004133123125061398
2458663.74688785    16.220138626496134    0.003088254107555889
2458663.74732248    16.229722735505696    0.0031667919774704856
2458663.74775653    16.224976825830485    0.004133123125061398
2458663.74819094    16.231203076620513    0.003088254107555889
2458663.74862555    16.231389310187186    0.003095261727429576
2458663.74906146    16.224922728457262    0.003088254107555889
2458663.74949575    16.216745204060686    0.003088254107555889
2458663.74993002    16.223632435781663    0.003095261727429576
2458663.75036407    16.227993220261194    0.004133123125061398
2458663.75080253    16.22310830190244    0.003088254107555889
2458663.7512367    16.230168711893565    0.004074004218633553
2458663.75167085    16.23093234772925    0.003088254107555889
2458663.75210512    16.223157807664    0.003088254107555889
2458663.75251302    16.229851054809814    0.005129517847982369
2458663.75325567    16.225397281967908    0.004156240643079493
2458663.75357442    16.232135059990437    0.004156240643079493
2458663.75389273    16.235686980562928    0.004156240643079493
2458663.75421208    16.23505411263226    0.005129517847982369
2458663.75453143    16.246436512123353    0.005129517847982369
2458663.7548503    16.228041957688603    0.004156240643079493
2458663.75516872    16.233646979800596    0.004156240643079493
2458663.7554943    16.238261123573043    0.004156240643079493
2458663.75581273    16.234025438109782    0.004156240643079493
2458663.75613198    16.230568544856514    0.004156240643079493
2458663.75645074    16.227430217056007    0.004156240643079493
2458663.75676961    16.227583928830402    0.004156240643079493
2458663.75740681    16.248841711116544    0.005129517847982369
2458663.75772512    16.2249299781037    0.004156240643079493
2458663.75804539    16.228658964316473    0.004156240643079493
2458663.75836402    16.220741870516346    0.004156240643079493
2458663.75868442    16.2440433287244    0.005129517847982369
2458663.75900293    16.229716289149266    0.005157933508185842
2458663.75932135    16.231291528793165    0.004156240643079493
2458663.75964002    16.236082401099114    0.004156240643079493
2458663.75996053    16.234784847771362    0.004156240643079493
2458663.76027976    16.220985849756993    0.005157933508185842
2458663.76059827    16.237738514790976    0.005129517847982369
2458663.7609167    16.2326618955914    0.004156240643079493
2458663.76123548    16.222727108374905    0.004156240643079493
2458663.76155492    16.253323319687453    0.004156240643079493
2458663.76187334    16.22002568691449    0.004156240643079493
2458663.76219236    16.22297586458225    0.004156240643079493
2458663.76251228    16.227660589716397    0.004156240643079493
2458663.76283094    16.23344261209317    0.004156240643079493
2458663.76314924    16.23189523277648    0.005129517847982369
2458663.76346788    16.24679569016902    0.005171070585525141
2458663.76378663    16.249611091068928    0.005171070585525141
2458663.76410565    16.232489334537355    0.005171070585525141
2458663.76442407    16.225759048650797    0.005171070585525141
2458663.76474327    16.239715114320305    0.005171070585525141
2458663.7650617    16.227339637134598    0.005129517847982369
2458663.76538024    16.219664545202704    0.005157933508185842
2458663.76569879    16.23388717376947    0.005129517847982369
2458663.76602183    16.235419767025448    0.005157933508185842
2458663.76634034    16.236207474647895    0.005129517847982369
2458663.76665901    16.243376613430957    0.005171070585525141
2458663.76697743    16.235450097481568    0.005171070585525141
2458663.76729979    16.211445213309055    0.00621825270205921
2458663.76761798    16.24411388133825    0.005171070585525141
2458663.76793709    16.248028860925775    0.005171070585525141
2458663.76825643    16.22124444485793    0.005157933508185842
2458663.76857554    16.223572443663787    0.004156240643079493
2458663.76889385    16.23009781558141    0.004156240643079493
2458663.76921284    16.22819843457669    0.004156240643079493
2458663.76953162    16.2253078951478    0.004156240643079493
2458663.76985073    16.226563504257637    0.005157933508185842
2458663.77016925    16.230183898590713    0.006160028079964079
2458663.77048803    16.229344244099885    0.004156240643079493
2458663.77080714    16.23137407120101    0.004156240643079493
2458663.77112592    16.223810965400443    0.004156240643079493
2458663.77144455    16.1938847354517    0.005171070585525141
2458663.77176286    16.245578814526965    0.007236882066901658
2458663.77208164    16.237546403186403    0.004156240643079493
2458663.77239995    16.244343955653225    0.005171070585525141
2458663.77271825    16.24213500233843    0.005129517847982369
2458663.77303656    16.228189373972253    0.005129517847982369
2458663.77335498    16.251218982841923    0.008211440512867277
2458663.77367373    16.22543393244649    0.005171070585525141
2458663.77399249    16.24206035355208    0.005171070585525141
2458663.77431139    16.251838843266214    0.048947817535709426
2458663.77463038    16.284597292094663    0.02454606335807252
2458663.77558506    16.21196854491721    0.007236882066901658
2458663.77590405    16.26026461350325    0.007191670415251501
2458663.77622363    16.216021418173487    0.005171070585525141
2458663.77686033    16.21615341673856    0.01543818609460949
2458663.77749835    16.26360496508193    0.01237048529039902
2458663.77781722    16.283885824821045    0.012308711838818966
2458663.77940898    16.27406945462144    0.012298144298338328
2458663.77972809    16.260641610419782    0.016453673868756683
2458663.78004652    16.274922590071426    0.011321472251465937
2458663.78036482    16.2333731034657    0.005171070585525141
2458663.781002    16.294295125389183    0.013356428767048558
2458663.78132078    16.2098424748963    0.011282343310834244
2458663.78163897    16.303388331068554    0.012283207764360909
2458663.78196872    16.298961521342513    0.025540568458968425
2458663.78228738    16.257034370365226    0.03784470969845976
2458663.78260557    16.249986569642406    0.01744575905945813
2458663.78292468    16.203279787879204    0.00621825270205921
2458663.78324298    16.22597793182891    0.012381615292826354
2458663.78419939    16.26667759494431    0.008228864564422164
2458663.78451805    16.22698579356898    0.005129517847982369
2458663.78706828    16.227084178292515    0.005157933508185842
2458663.79184828    16.257980796800812    0.006160028079964079
2458663.79216718    16.161382147126165    0.02358769848579824
2458663.79248614    16.167710375633643    0.022524318275887172
2458663.79695213    16.23160960264292    0.012308711838818966
2458663.79950561    16.17621496974956    0.030728147422261428
2458663.79982773    16.233743574322812    0.008228864564422164
2458663.80014627    16.243200096432243    0.008228864564422164
2458663.80046494    16.184696240841564    0.01843270206818866
2458663.80144843    16.226536306476902    0.014376973754550593
2458663.80176695    16.149414570771807    0.0359078327838198
2458663.80240612    16.24967776099442    0.024553877712468836
2458663.80272455    16.239624488936045    0.05094482611759652
2458663.80304297    16.15333829965021    0.04913922299537153
2458663.80336184    15.933715526653309    0.03215855072478058
2458663.8039989    16.24605923388038    0.00921635103409433
2458663.80431849    16.214670951232996    0.006160028079964079
2458663.80463679    16.29605189134171    0.021416731428291508
2458663.80527397    16.218105579684586    0.013361467227500482
2458663.80559215    16.24279733438643    0.024594175615411943
2458663.80591174    16.253866638836236    0.006160028079964079
2458663.80623005    16.23413782651972    0.00921635103409433
2458663.80655273    16.235117545735793    0.005171070585525141
2458663.80687152    16.234585428728458    0.004156240643079493
2458663.80718982    16.12710402566346    0.015479264590671699
2458663.80750881    16.275808652241583    0.029620953606225776
2458663.80782712    16.306331577646223    0.03361707809128799
2458663.80814566    16.26943054385879    0.015363998778035142
2458663.80846465    16.263598033489725    0.007203988873690194
2458663.80942118    16.24912216472367    0.005171070585525141
2458663.80974029    16.225354689036475    0.005171070585525141
2458663.81005883    16.24069804759136    0.004133123125061398
2458663.81037866    16.2293718570735    0.004133123125061398
2458663.81069705    16.247550713857315    0.005129517847982369
2458663.81101583    16.2148602151531    0.0062319242158922405
2458663.81133518    16.25632175278154    0.008228864564422164
2458663.81165381    16.20599511896798    0.024664824310636473
2458663.81197281    16.265437956943323    0.0062319242158922405
2458663.81229135    16.181624717261037    0.014390492781905535
2458663.81292832    16.31643260072218    0.013356428767048558
2458663.81324799    16.246481483188294    0.005129517847982369
2458663.81356746    16.231658462970433    0.004133123125061398
2458663.81389352    16.240031757333394    0.004133123125061398
2458663.81421286    16.234389758723818    0.004133123125061398
2458663.81453105    16.221018393092525    0.004133123125061398
2458663.81485028    16.224819999311134    0.004133123125061398
2458663.81516963    16.228741511619486    0.004156240643079493
2458663.81548817    16.23434800211638    0.004133123125061398
2458663.81580704    16.231743579617035    0.004133123125061398
2458663.81612571    16.244732252179954    0.005129517847982369
2458663.81644398    16.238417586885017    0.005171070585525141
2458663.81676241    16.29737620788191    0.008211440512867277
2458663.81708107    16.232778758872815    0.004156240643079493
2458663.81740262    16.228766626659727    0.004133123125061398
2458663.81772114    16.24089903297463    0.004133123125061398
2458663.81803944    16.2287306790388    0.004133123125061398
2458663.81835775    16.23147961870771    0.004133123125061398
2458663.81867665    16.24003309209556    0.004133123125061398
2458663.8189954    16.226833815073444    0.004156240643079493
2458663.81931371    16.229891890431084    0.004133123125061398
2458663.81963189    16.23486638907209    0.004133123125061398
2458663.81995008    16.240863444493424    0.004133123125061398
2458663.82026826    16.229446965690826    0.004133123125061398
2458663.82059339    16.231624736007273    0.004133123125061398
2458663.82091206    16.230765066028308    0.004156240643079493
2458663.8212306    16.232688676777116    0.004156240643079493
2458663.82155144    16.24803612811023    0.005129517847982369
2458663.82187147    16.240005068847708    0.004156240643079493
2458663.82218966    16.230572621290403    0.004133123125061398
2458663.82250796    16.236808020099268    0.004156240643079493
2458663.82282615    16.236961706034947    0.004156240643079493
2458663.82314469    16.23250365466385    0.004133123125061398
2458663.82346324    16.23819997188585    0.004133123125061398
2458663.82378175    16.228046663525692    0.004133123125061398
2458663.82410077    16.223487359506976    0.004133123125061398
2458663.82441932    16.233213751916946    0.004133123125061398
2458663.82473771    16.230693521697535    0.0031667919774704856
2458663.82505754    16.22707259433757    0.004133123125061398
2458663.82537641    16.22591178086078    0.004133123125061398
2458663.82569504    16.22868135949395    0.004156240643079493
2458663.82601418    16.23881738241799    0.004156240643079493
2458663.82633273    16.228917984671202    0.004156240643079493
2458663.82665124    16.230062833207707    0.004156240643079493
2458663.82697047    16.249668305280846    0.005171070585525141
2458663.82728877    16.234972018704006    0.004156240643079493
2458663.82760756    16.231904488496333    0.004156240643079493
2458663.82792598    16.24218207698001    0.004156240643079493
2458663.82825108    16.240396974364877    0.004133123125061398
2458663.82856939    16.235506816289423    0.004133123125061398
2458663.82888805    16.230556521146735    0.004133123125061398
2458663.82920692    16.225997211447048    0.004133123125061398
2458663.82952591    16.227693545375725    0.004133123125061398
2458663.82984434    16.22719436932759    0.004133123125061398
2458663.83016276    16.2290109823461    0.004133123125061398
2458663.83048107    16.235880222784584    0.004133123125061398
2458663.83079949    16.231681798226806    0.004133123125061398
2458663.83111803    16.228024731600804    0.004133123125061398
2458663.83143634    16.225209761512975    0.004133123125061398
2458663.83175509    16.233522627680692    0.004133123125061398
2458663.83207384    16.22573794910159    0.004156240643079493
2458663.83239203    16.237396459044177    0.004133123125061398
2458663.83271141    16.241514392739365    0.004156240643079493
2458663.83303028    16.230765449664194    0.004156240643079493
2458663.83335621    16.235568441664512    0.004133123125061398
2458663.83367497    16.235761007469698    0.004133123125061398
2458663.83399375    16.225607709374238    0.004133123125061398
2458663.83431241    16.232236361599973    0.004133123125061398
2458663.83463084    16.2245838020755    0.0031667919774704856
2458663.83494926    16.22519590383351    0.0031667919774704856
2458663.8352678    16.232152371042098    0.004133123125061398
2458663.83558617    16.22981860624479    0.004133123125061398
2458663.83590448    16.23257380048819    0.004156240643079493
2458663.8362229    16.232579647671713    0.004133123125061398
2458663.83654192    16.227925460427233    0.004156240643079493
2458663.83686207    16.2333858946168    0.004133123125061398
2458663.83718121    16.227274465923976    0.008294480124345083
