2459190.53156949    16.769153225685645    0.01006703242339641
2459190.53191669    16.763515906312872    0.009074291185843943
2459190.5322639    16.767310274825697    0.009074163832571095
2459190.5326111    16.768340129483832    0.008082701972224278
2459190.53295831    16.773522591597892    0.008069692297832245
2459190.53330551    16.76885750900048    0.007078769010385766
2459190.53365272    16.77577928099923    0.0070682535283451125
2459190.53399993    16.764210994985056    0.0070682535283451125
2459190.53434713    16.77356941322686    0.007068141700463382
2459190.53469433    16.76838053480662    0.006078835496973516
2459190.53504154    16.763932005454308    0.0060785639733969945
2459190.53538874    16.769991918543862    0.00607843337748392
2459190.53573595    16.76299220566896    0.006078265878527166
2459190.53608315    16.77856696912632    0.006077915842423335
2459190.53643036    16.765230941833668    0.006077867963617978
2459190.53677757    16.768594002251966    0.0050921303274118245
2459190.53712477    16.770357419296975    0.005054412832721619
2459190.53747197    16.777638724944097    0.005091862795803765
2459190.53781918    16.76851537900149    0.005091862795803765
2459190.53816638    16.774964458057653    0.005054045480767945
2459190.53851359    16.77244596313886    0.005054171570143675
2459190.53886079    16.768553924295205    0.005054075504407121
2459190.539208    16.777966064574642    0.005054045480767945
2459190.53955521    16.773147817220078    0.005054045480767945
2459190.53990241    16.765796852515695    0.005054075504407121
2459190.54024961    16.75933352906499    0.005054006950542098
2459190.54059682    16.775566161142944    0.005054045480767945
2459190.54094402    16.769432115298507    0.005053867793065895
2459190.54129123    16.774109184857487    0.005053817477900495
2459190.54163843    16.768676890533264    0.005054006950542098
2459190.54198564    16.770227817029106    0.0050539061249129345
2459190.54233285    16.775052507533395    0.0040663324602537385
2459190.54268005    16.76998314305565    0.004066271421501672
2459190.54302726    16.765414047387427    0.004065904982323465
2459190.54337446    16.777396785417736    0.004065844727456381
2459190.54372167    16.774468945915018    0.004065844727456381
2459190.54406887    16.763732146877363    0.004065844727456381
2459190.54441607    16.755775413372557    0.004065844727456381
2459190.54476328    16.760691578455383    0.004065844727456381
2459190.54511049    16.776905028763736    0.004065844727456381
2459190.54545769    16.77831621022552    0.004065844727456381
2459190.5458049    16.77001797935071    0.004065904982323465
2459190.5461521    16.771427879482737    0.004065844727456381
2459190.5464993    16.768558308959108    0.004066271421501672
2459190.54684651    16.76437388372125    0.0040663324602537385
2459190.54719371    16.76840249352579    0.005053867793065895
2459190.54754092    16.772322870796064    0.004066271421501672
2459190.54788812    16.764371788989944    0.005053867793065895
2459190.54823533    16.7654817864647    0.0040663324602537385
2459190.54858254    16.76764724787452    0.0040663324602537385
2459190.54892974    16.771195471370543    0.005054006950542098
2459190.54927695    16.769992974994445    0.005090494404196189
2459190.54962415    16.76450894494037    0.0040663789605696775
2459190.54997135    16.764541374376865    0.00505351544581046
2459190.55031856    16.768479991521257    0.0040663324602537385
2459190.55066577    16.76597909141101    0.0040663324602537385
2459190.55101297    16.77728245777888    0.005053867793065895
2459190.55136018    16.76306162680989    0.004065904982323465
2459190.55170738    16.761657828473336    0.004065904982323465
2459190.55205458    16.76725519443149    0.004065844727456381
2459190.55240179    16.765831838453057    0.004065844727456381
2459190.552749    16.75572678732769    0.004065844727456381
2459190.5530962    16.76740456329043    0.0040663324602537385
2459190.55344341    16.76490993814346    0.004065844727456381
2459190.55379061    16.77871032842145    0.004065904982323465
2459190.55413782    16.782636759770153    0.0040663324602537385
2459190.55448502    16.77754985691583    0.004065904982323465
2459190.55483223    16.77197216717382    0.004066271421501672
2459190.55517943    16.77030489861369    0.004065904982323465
2459190.55552664    16.770391589388613    0.004065844727456381
2459190.55587384    16.768511512808168    0.0040663324602537385
2459190.55622105    16.77636190645475    0.0040663324602537385
2459190.55656825    16.77057601688148    0.0040663324602537385
2459190.55691546    16.771334484259626    0.0040663324602537385
2459190.55726266    16.773186593904768    0.004065844727456381
2459190.55760986    16.771240202290898    0.004065844727456381
2459190.55795707    16.774770464110155    0.005053867793065895
2459190.55830428    16.777225542526402    0.004065904982323465
2459190.55865149    16.76859472626123    0.004065904982323465
2459190.55899869    16.77068721890235    0.004065844727456381
2459190.55934589    16.76577885919113    0.004066271421501672
2459190.5596931    16.769446138928178    0.005053867793065895
2459190.5600403    16.770305156597285    0.005053867793065895
2459190.56038751    16.758476492310876    0.005053867793065895
2459190.56073471    16.76808031237321    0.005053867793065895
2459190.56108192    16.776523424488847    0.005090887843562281
2459190.56142912    16.77669777527673    0.005090972789651559
2459190.56177633    16.777321049525497    0.005090494404196189
2459190.56212353    16.758314957845947    0.005090887843562281
2459190.56247074    16.76519478078495    0.005090778923972972
2459190.56281794    16.762426535101373    0.005090887843562281
2459190.56316514    16.762845141761435    0.005090887843562281
2459190.56351235    16.774931608474542    0.0050910403048469045
2459190.56385956    16.768076863795624    0.005090972789651559
2459190.56420676    16.7699261438116    0.005054045480767945
2459190.56455397    16.778229520266216    0.005090494404196189
2459190.56490117    16.768227634776668    0.005090887843562281
2459190.56524838    16.766582451452543    0.005090887843562281
2459190.56559559    16.772084371584608    0.0050910403048469045
2459190.56594279    16.767205874651257    0.005091586869767184
2459190.56628999    16.772978913555118    0.005091655299932031
2459190.5666372    16.76395168823911    0.005091862795803765
2459190.5669844    16.77080038527442    0.0050919316391011705
