2459190.53156949    17.848962634878905    0.02602585525614316
2459190.53191669    17.81206548721962    0.026025809507592364
2459190.5322639    17.824571518269    0.02402790979798995
2459190.5326111    17.78828510800101    0.021031644518957577
2459190.53295831    17.843124041809563    0.021026648182287475
2459190.53330551    17.78608875249836    0.01902916106144456
2459190.53365272    17.832614300275115    0.019025251849606697
2459190.53399993    17.83862437730748    0.019025251849606697
2459190.53434713    17.815536353640333    0.017028171572362943
2459190.53469433    17.80887686948686    0.0180264317322998
2459190.53504154    17.823934208856272    0.017027887126084666
2459190.53538874    17.8014770589808    0.016029577421894523
2459190.53573595    17.79793800368784    0.015031477508550769
2459190.53608315    17.79995174237483    0.01503133596815601
2459190.53643036    17.789033655875407    0.014033548339004422
2459190.53677757    17.812794234854728    0.01403316754233866
2459190.53712477    17.80193536103864    0.014019525280250434
2459190.53747197    17.813575201111792    0.013035607647182793
2459190.53781918    17.824791848860734    0.013035607647182793
2459190.53816638    17.797562984520635    0.012022619336969414
2459190.53851359    17.826349251857557    0.013020931236299828
2459190.53886079    17.8097452866473    0.013020893947968706
2459190.539208    17.803429452672187    0.012022619336969414
2459190.53955521    17.850867798181966    0.012022619336969414
2459190.53990241    17.80575861028902    0.013020893947968706
2459190.54024961    17.805522879086897    0.01102465356626356
2459190.54059682    17.820969548666486    0.012022619336969414
2459190.54094402    17.806036596656163    0.011024589773310785
2459190.54129123    17.81690245198323    0.010027017058922984
2459190.54163843    17.809647248160555    0.01102465356626356
2459190.54198564    17.827364203386537    0.012022560755489343
2459190.54233285    17.821344479894563    0.011024294067073555
2459190.54268005    17.803420878051803    0.010026692539083925
2459190.54302726    17.821988353986086    0.011024136398162115
2459190.54337446    17.81409908840336    0.01002651950318678
2459190.54372167    17.828291300861288    0.01002651950318678
2459190.54406887    17.812667226628683    0.01002651950318678
2459190.54441607    17.799816517656403    0.01002651950318678
2459190.54476328    17.806832633715352    0.01002651950318678
2459190.54511049    17.80214058196905    0.01002651950318678
2459190.54545769    17.820641429514602    0.01002651950318678
2459190.5458049    17.822428661887855    0.011024136398162115
2459190.5461521    17.81692044109893    0.01002651950318678
2459190.5464993    17.787129791760506    0.010026692539083925
2459190.54684651    17.824021955740086    0.011024294067073555
2459190.54719371    17.799125442084186    0.011024589773310785
2459190.54754092    17.79911961107058    0.010026692539083925
2459190.54788812    17.79524185590954    0.011024589773310785
2459190.54823533    17.816425342625475    0.011024294067073555
2459190.54858254    17.810665077749956    0.011024294067073555
2459190.54892974    17.804288980928398    0.01102465356626356
2459190.54927695    17.831164198094804    0.012037987094159585
2459190.54962415    17.819760534985328    0.012022289210086561
2459190.54997135    17.805876610405424    0.011024428255517148
2459190.55031856    17.821902779019812    0.011024294067073555
2459190.55066577    17.80149395719914    0.011024294067073555
2459190.55101297    17.811894549475056    0.011024589773310785
2459190.55136018    17.800776721504587    0.011024136398162115
2459190.55170738    17.81548232088868    0.011024136398162115
2459190.55205458    17.798196105935066    0.01002651950318678
2459190.55240179    17.81089681788664    0.01002651950318678
2459190.552749    17.793924103954403    0.01002651950318678
2459190.5530962    17.80274310581884    0.011024294067073555
2459190.55344341    17.804399227350675    0.01002651950318678
2459190.55379061    17.825360499898817    0.011024136398162115
2459190.55413782    17.82745858233755    0.011024294067073555
2459190.55448502    17.8085547132272    0.011024136398162115
2459190.55483223    17.80617207365862    0.010026692539083925
2459190.55517943    17.81271248494873    0.011024136398162115
2459190.55552664    17.798020120125557    0.01002651950318678
2459190.55587384    17.804374864356916    0.011024294067073555
2459190.55622105    17.822474591900512    0.011024294067073555
2459190.55656825    17.80695315861151    0.011024294067073555
2459190.55691546    17.80299184400185    0.011024294067073555
2459190.55726266    17.798140540561175    0.01002651950318678
2459190.55760986    17.827507736490517    0.01002651950318678
2459190.55795707    17.828369220215556    0.011024589773310785
2459190.55830428    17.80617376965107    0.011024136398162115
2459190.55865149    17.808911297268434    0.011024136398162115
2459190.55899869    17.792391618668052    0.01002651950318678
2459190.55934589    17.79989120687249    0.010026692539083925
2459190.5596931    17.81698719033815    0.011024589773310785
2459190.5600403    17.825296265960652    0.011024589773310785
2459190.56038751    17.829939664145883    0.011024589773310785
2459190.56073471    17.814038147730194    0.011024589773310785
2459190.56108192    17.803999175307187    0.012038153472843342
2459190.56142912    17.814715289422693    0.013035260025982319
2459190.56177633    17.81390482843913    0.012037987094159585
2459190.56212353    17.832490093972012    0.012038153472843342
2459190.56247074    17.789987025200094    0.01104155922199249
2459190.56281794    17.816862226176184    0.012038153472843342
2459190.56316514    17.799951259386383    0.012038153472843342
2459190.56351235    17.816735777244272    0.014032772049227326
2459190.56385956    17.81160731267396    0.013035260025982319
2459190.56420676    17.813211702799943    0.012022619336969414
2459190.56455397    17.811299687661283    0.012037987094159585
2459190.56490117    17.82911248628484    0.012038153472843342
2459190.56524838    17.79331273459113    0.012038153472843342
2459190.56559559    17.8136914340296    0.014032772049227326
2459190.56594279    17.796721660537674    0.0130354998696784
2459190.56628999    17.81043601740133    0.014032995178981782
2459190.5666372    17.779383353655202    0.013035607647182793
2459190.5669844    17.810240427300048    0.01403309544673874
