2458663.70907999    15.724253918074574    0.004216370213557839
2458663.7095144    15.721436730677334    0.004216370213557839
2458663.70994901    15.727911042384452    0.0032112230306800054
2458663.7103833    15.728805929663132    0.004211884495149805
2458663.71082139    15.731207370168418    0.004216370213557839
2458663.71125568    15.727264095590872    0.00428493357447988
2458663.71168984    15.727535645415463    0.0032112230306800054
2458663.71212391    15.739348404445227    0.004216370213557839
2458663.7125583    15.732975661601792    0.004216370213557839
2458663.71299247    15.735590574279769    0.004216370213557839
2458663.71342675    15.747396421459188    0.0032112230306800054
2458663.71386079    15.731931510856187    0.004216370213557839
2458663.71429601    15.733747183627312    0.003256421053068278
2458663.71473017    15.73275016000166    0.003256421053068278
2458663.71516433    15.730419001425869    0.0032112230306800054
2458663.71559862    15.73016590063409    0.0032112230306800054
2458663.71603301    15.727998805128955    0.0032112230306800054
2458663.71646742    15.733375047833338    0.003205360554319255
2458663.7169018    15.736974445325187    0.003205360554319255
2458663.71733735    15.739736579275172    0.0032112230306800054
2458663.71777199    15.732831873072314    0.0032112230306800054
2458663.71820881    15.730728904238108    0.0032112230306800054
2458663.71864286    15.73002828289022    0.0032112230306800054
2458663.71907715    15.7230936198657    0.003256421053068278
2458663.71951166    15.727012236407441    0.004211884495149805
2458663.71994619    15.72335604810707    0.003205360554319255
2458663.72038047    15.744574915169725    0.003205360554319255
2458663.72081463    15.737092223253324    0.0032112230306800054
2458663.7212497    15.720958651729271    0.0032112230306800054
2458663.72168389    15.732992575143316    0.003205360554319255
2458663.7221184    15.730405802261771    0.0032112230306800054
2458663.72255303    15.731563049467637    0.003205360554319255
2458663.72298731    15.72719225654215    0.003175327820385998
2458663.7234216    15.733077102658457    0.003175327820385998
2458663.72385587    15.728946911292681    0.003175327820385998
2458663.7242905    15.730500928484735    0.003175327820385998
2458663.72472547    15.732054943820206    0.003175327820385998
2458663.72515964    15.723052572547562    0.003175327820385998
2458663.72559391    15.729411102983754    0.003175327820385998
2458663.72602935    15.728123010489911    0.003175327820385998
2458663.72646399    15.723316125372916    0.003175327820385998
2458663.72689804    15.73224608558096    0.003175327820385998
2458663.72733243    15.727033186792104    0.003175327820385998
2458663.72777135    15.727572142959064    0.003175327820385998
2458663.72820563    15.726753022582297    0.0032112230306800054
2458663.72863979    15.728447099117638    0.003175327820385998
2458663.7290742    15.724316906983798    0.003175327820385998
2458663.72950987    15.730878437293729    0.003175327820385998
2458663.72994415    15.728236967676516    0.003175327820385998
2458663.73037946    15.726813537546379    0.003175327820385998
2458663.73081352    15.739938986422818    0.003175327820385998
2458663.73124803    15.72748548547404    0.003175327820385998
2458663.7316821    15.734250032041432    0.003175327820385998
2458663.73211647    15.730864201028568    0.003175327820385998
2458663.73255112    15.727275360968402    0.003175327820385998
2458663.73298563    15.729020356260229    0.0031667919774704856
2458663.73342083    15.73200745304609    0.003175327820385998
2458663.73385511    15.730485192742483    0.003095261727429576
2458663.73428985    15.731664360922975    0.003175327820385998
2458663.73472413    15.730849958974932    0.003175327820385998
2458663.73515935    15.727579912794292    0.0031667919774704856
2458663.73559339    15.731943440848731    0.003095261727429576
2458663.73602746    15.725970660227183    0.003175327820385998
2458663.73646183    15.734426934480021    0.003175327820385998
2458663.7368973    15.72136440573064    0.003175327820385998
2458663.73733157    15.734963537670593    0.003175327820385998
2458663.73776632    15.72880326849474    0.003175327820385998
2458663.73820059    15.727725376015236    0.003205360554319255
2458663.73863476    15.720813562996636    0.003175327820385998
2458663.73906893    15.728999161648805    0.003175327820385998
2458663.73950344    15.732447916339126    0.003175327820385998
2458663.73993749    15.732242538203849    0.003175327820385998
2458663.74037177    15.725811594899879    0.003175327820385998
2458663.74080605    15.730091676949444    0.003205360554319255
2458663.74124069    15.733318127383715    0.003175327820385998
2458663.74167507    15.733654100828721    0.003175327820385998
2458663.74210935    15.732163007151357    0.003175327820385998
2458663.74254364    15.727626800636084    0.003175327820385998
2458663.74297803    15.725865029666776    0.003175327820385998
2458663.74341256    15.731276190262777    0.003175327820385998
2458663.74384696    15.731138479387894    0.003175327820385998
2458663.74428112    15.732557160800239    0.003175327820385998
2458663.7447161    15.726735236232676    0.003175327820385998
2458663.74515038    15.728221586164334    0.003175327820385998
2458663.74558524    15.732820714881967    0.003175327820385998
2458663.7460194    15.732141651933409    0.003175327820385998
2458663.74645368    15.729161836451533    0.003175327820385998
2458663.74688785    15.729519694109426    0.0021300970477506
2458663.74732248    15.728084910942371    0.0031667919774704856
2458663.74775653    15.731320134310854    0.003175327820385998
2458663.74819094    15.730527502498262    0.0021300970477506
2458663.74862555    15.722694844758678    0.003095261727429576
2458663.74906146    15.731209315209583    0.0021300970477506
2458663.74949575    15.726012913432575    0.0021300970477506
2458663.74993002    15.727881268623241    0.003095261727429576
2458663.75036407    15.730223186146464    0.003175327820385998
2458663.75080253    15.731319209128715    0.0021300970477506
2458663.7512367    15.728360746941352    0.0030979848891568183
2458663.75167085    15.72510551146891    0.0021300970477506
2458663.75210512    15.727312094873344    0.0021300970477506
2458663.75251302    15.734987611737688    0.0032112230306800054
2458663.75325567    15.737501557933598    0.003205360554319255
2458663.75357442    15.73222548075679    0.003205360554319255
2458663.75389273    15.729763565277949    0.003205360554319255
2458663.75421208    15.730116816077512    0.0032112230306800054
2458663.75453143    15.728485334298835    0.0032112230306800054
2458663.7548503    15.73807691946281    0.003205360554319255
2458663.75516872    15.727668100726344    0.003205360554319255
2458663.7554943    15.72626809244469    0.003205360554319255
2458663.75581273    15.735018565687671    0.003205360554319255
2458663.75613198    15.732547795516453    0.003205360554319255
2458663.75645074    15.732395612091546    0.003205360554319255
2458663.75676961    15.73253546346466    0.003205360554319255
2458663.75740681    15.723765548427826    0.0032112230306800054
2458663.75772512    15.736839979343408    0.003205360554319255
2458663.75804539    15.7285550443104    0.003205360554319255
2458663.75836402    15.729624100533117    0.003205360554319255
2458663.75868442    15.731911631827913    0.0032112230306800054
2458663.75900293    15.733570747497806    0.003256421053068278
2458663.75932135    15.731132146293248    0.003205360554319255
2458663.75964002    15.731909166901557    0.003205360554319255
2458663.75996053    15.72659768188366    0.003205360554319255
2458663.76027976    15.729784807801465    0.003256421053068278
2458663.76059827    15.723523628080477    0.0032112230306800054
2458663.7609167    15.729433167607382    0.003205360554319255
2458663.76123548    15.730484523896124    0.003205360554319255
2458663.76155492    15.747066850032386    0.003205360554319255
2458663.76187334    15.732755376431209    0.003205360554319255
2458663.76219236    15.71869168715984    0.003205360554319255
2458663.76251228    15.735362506249215    0.003205360554319255
2458663.76283094    15.729130677353412    0.003205360554319255
2458663.76314924    15.730569462410449    0.0032112230306800054
2458663.76346788    15.728456069400771    0.004211884495149805
2458663.76378663    15.731257615121581    0.004211884495149805
2458663.76410565    15.728121991650886    0.004211884495149805
2458663.76442407    15.735377864936108    0.004211884495149805
2458663.76474327    15.723320055853456    0.004211884495149805
2458663.7650617    15.731930737394233    0.0032112230306800054
2458663.76538024    15.724241799391699    0.003256421053068278
2458663.76569879    15.732450581462768    0.0032112230306800054
2458663.76602183    15.729969133059154    0.003256421053068278
2458663.76634034    15.73574299592663    0.0032112230306800054
2458663.76665901    15.72589828299181    0.004211884495149805
2458663.76697743    15.7309579262142    0.004211884495149805
2458663.76729979    15.748939029933986    0.004320493798938573
2458663.76761798    15.720593867113786    0.004211884495149805
2458663.76793709    15.737494975875903    0.004211884495149805
2458663.76825643    15.728696678963356    0.003256421053068278
2458663.76857554    15.733010806943806    0.003205360554319255
2458663.76889385    15.731522342789853    0.003205360554319255
2458663.76921284    15.729609096161672    0.003205360554319255
2458663.76953162    15.729704700238027    0.003205360554319255
2458663.76985073    15.730946438522455    0.003256421053068278
2458663.77016925    15.73055298765526    0.004236265566031708
2458663.77048803    15.72569947668991    0.003205360554319255
2458663.77080714    15.729715432945387    0.003205360554319255
2458663.77112592    15.729138470650058    0.003205360554319255
2458663.77144455    15.7191983907444    0.004211884495149805
2458663.77176286    15.739878633748093    0.005326580709070577
2458663.77208164    15.729832365912767    0.003205360554319255
2458663.77239995    15.73261608232826    0.004211884495149805
2458663.77271825    15.72739329338719    0.0032112230306800054
2458663.77303656    15.728433828949433    0.0032112230306800054
2458663.77335498    15.71544959697065    0.005331768496133155
2458663.77367373    15.730650691396118    0.004211884495149805
2458663.77399249    15.728263256877314    0.004211884495149805
2458663.77431139    15.758027884894743    0.03340492241435539
2458663.77463038    15.714772468099731    0.01585904241682045
2458663.77558506    15.73810222359721    0.005326580709070577
2458663.77590405    15.742384426559791    0.004326675786513671
2458663.77622363    15.728127339961205    0.004211884495149805
2458663.77686033    15.714231662942153    0.01064601286359329
2458663.77749835    15.754655478297872    0.008545695192316334
2458663.77781722    15.734922477635706    0.008456026675163824
2458663.77940898    15.72103691799001    0.0074996235360684305
2458663.77972809    15.753595202962948    0.011650037930384882
2458663.78004652    15.711862341341075    0.0074950472940944965
2458663.78036482    15.718299019109072    0.004211884495149805
2458663.781002    15.737193344559703    0.009507585887555382
2458663.78132078    15.748726837572052    0.007435810015292634
2458663.78163897    15.719258862894915    0.007475104881033854
2458663.78196872    15.790817719856456    0.017785405174109828
2458663.78228738    15.757876717586347    0.025282841061888092
2458663.78260557    15.703815086034384    0.011677093352400053
2458663.78292468    15.750094433425534    0.004320493798938573
2458663.78324298    15.749778741748965    0.009502862582377555
2458663.78419939    15.71843683234392    0.0053585643618046415
2458663.78451805    15.725731179696014    0.0032112230306800054
2458663.78706828    15.727718712926997    0.003256421053068278
2458663.79184828    15.721407557954292    0.004236265566031708
2458663.79216718    15.715795046562704    0.016833880118883125
2458663.79248614    15.745109410762385    0.015758962966942493
2458663.79695213    15.731814513456678    0.008456026675163824
2458663.79950561    15.756308887788459    0.021076504549005077
2458663.79982773    15.73682349069837    0.0053585643618046415
2458663.80014627    15.735266166737164    0.0053585643618046415
2458663.80046494    15.711748459448843    0.012639798476819418
2458663.80144843    15.728545775467587    0.009575874599170383
2458663.80176695    15.732410194562217    0.026255903245380147
2458663.80240612    15.743645601822113    0.016819420641593863
2458663.80272455    15.680578488490218    0.03154956906444436
2458663.80304297    15.78327845835593    0.03654672675615219
2458663.80336184    15.766641824957748    0.027371013585877405
2458663.8039989    15.756957840934145    0.006319899238409709
2458663.80431849    15.739555666592874    0.004236265566031708
2458663.80463679    15.695922771075304    0.013662956673852448
2458663.80527397    15.70694876294533    0.008574893962701195
2458663.80559215    15.75162668724309    0.016878195229399484
2458663.80591174    15.740682099999    0.004236265566031708
2458663.80623005    15.723939451610908    0.006319899238409709
2458663.80655273    15.720905144813695    0.004211884495149805
2458663.80687152    15.725359170886538    0.003205360554319255
2458663.80718982    15.74186393219527    0.011645069010874202
2458663.80750881    15.724554693149928    0.018984227467615838
2458663.80782712    15.768063782482994    0.021002569828374694
2458663.80814566    15.745148902645164    0.010538143026713263
2458663.80846465    15.751302526652633    0.005281804208057328
2458663.80942118    15.7327850801642    0.004211884495149805
2458663.80974029    15.733003733631358    0.004211884495149805
2458663.81005883    15.732333246135848    0.003175327820385998
2458663.81037866    15.731993153479733    0.003175327820385998
2458663.81069705    15.732158170730754    0.0032112230306800054
2458663.81101583    15.73145381553178    0.005276066663019348
2458663.81133518    15.72790147189045    0.0053585643618046415
2458663.81165381    15.749560988099736    0.017926337001031863
2458663.81197281    15.733989960026554    0.005276066663019348
2458663.81229135    15.698162874273631    0.009596159779103058
2458663.81292832    15.73794307041086    0.009507585887555382
2458663.81324799    15.738978057701628    0.0032112230306800054
2458663.81356746    15.734141150991816    0.003175327820385998
2458663.81389352    15.731500272432184    0.003175327820385998
2458663.81421286    15.7278443929779    0.003175327820385998
2458663.81453105    15.73345919649721    0.003175327820385998
2458663.81485028    15.728246926668234    0.003175327820385998
2458663.81516963    15.735154557706819    0.003205360554319255
2458663.81548817    15.730747202153319    0.003175327820385998
2458663.81580704    15.734128919252695    0.003175327820385998
2458663.81612571    15.731103740097728    0.0032112230306800054
2458663.81644398    15.717775240471944    0.004211884495149805
2458663.81676241    15.733720020195321    0.005331768496133155
2458663.81708107    15.732108719913649    0.003205360554319255
2458663.81740262    15.72708261081222    0.003175327820385998
2458663.81772114    15.726201171926851    0.003175327820385998
2458663.81803944    15.73201898236475    0.003175327820385998
2458663.81835775    15.72775408598232    0.003175327820385998
2458663.81867665    15.728293697653227    0.003175327820385998
2458663.8189954    15.728080565452014    0.003205360554319255
2458663.81931371    15.726124804738078    0.003175327820385998
2458663.81963189    15.728085472974996    0.003175327820385998
2458663.81995008    15.727068697546938    0.003175327820385998
2458663.82026826    15.729638388340247    0.003175327820385998
2458663.82059339    15.731802026135172    0.003175327820385998
2458663.82091206    15.726928504458566    0.003205360554319255
2458663.8212306    15.727838269136736    0.003205360554319255
2458663.82155144    15.731171774449066    0.0032112230306800054
2458663.82187147    15.730126804344652    0.003205360554319255
2458663.82218966    15.737680525958195    0.003175327820385998
2458663.82250796    15.727902089140786    0.003205360554319255
2458663.82282615    15.723041944227068    0.003205360554319255
2458663.82314469    15.730570046785337    0.003175327820385998
2458663.82346324    15.727252517511637    0.003175327820385998
2458663.82378175    15.725085364396506    0.003175327820385998
2458663.82410077    15.731512193458906    0.003175327820385998
2458663.82441932    15.730224739373174    0.003175327820385998
2458663.82473771    15.731690669620972    0.0031667919774704856
2458663.82505754    15.72805584012275    0.003175327820385998
2458663.82537641    15.729881166244683    0.003175327820385998
2458663.82569504    15.728636894900697    0.003205360554319255
2458663.82601418    15.72875904568367    0.003205360554319255
2458663.82633273    15.73784580146142    0.003205360554319255
2458663.82665124    15.726976805242955    0.003205360554319255
2458663.82697047    15.730568401248263    0.004211884495149805
2458663.82728877    15.730858279045156    0.003205360554319255
2458663.82760756    15.733776891917659    0.003205360554319255
2458663.82792598    15.727040639552875    0.003205360554319255
2458663.82825108    15.728241405731891    0.003175327820385998
2458663.82856939    15.730337411605102    0.003175327820385998
2458663.82888805    15.728373265189834    0.003175327820385998
2458663.82920692    15.734800095068625    0.003175327820385998
2458663.82952591    15.731482563394078    0.003175327820385998
2458663.82984434    15.732969546052193    0.003175327820385998
2458663.83016276    15.737772318242486    0.003175327820385998
2458663.83048107    15.732627722609394    0.003175327820385998
2458663.83079949    15.727415457203158    0.003175327820385998
2458663.83111803    15.731744544526762    0.003175327820385998
2458663.83143634    15.729915738367355    0.003175327820385998
2458663.83175509    15.732214749355975    0.003175327820385998
2458663.83207384    15.726416215597775    0.003205360554319255
2458663.83239203    15.731060894690977    0.003175327820385998
2458663.83271141    15.724164945820966    0.003205360554319255
2458663.83303028    15.73440214232428    0.003205360554319255
2458663.83335621    15.73119096704924    0.003175327820385998
2458663.83367497    15.734369677230031    0.003175327820385998
2458663.83399375    15.732202522639806    0.003175327820385998
2458663.83431241    15.728817323592962    0.003175327820385998
2458663.83463084    15.730150922794973    0.0031667919774704856
2458663.83494926    15.727749183704528    0.0031667919774704856
2458663.8352678    15.72969180486272    0.003175327820385998
2458663.83558617    15.733344201382748    0.003175327820385998
2458663.83590448    15.73208555957481    0.003205360554319255
2458663.8362229    15.729077565909872    0.003175327820385998
2458663.83654192    15.725409511746511    0.003205360554319255
2458663.83686207    15.72785602989224    0.003175327820385998
2458663.83718121    15.723730729058348    0.006387362564717586
