2458663.70907999    16.469347892782213    0.006146362971528592
2458663.7095144    16.4523059042414    0.005174724898753341
2458663.70994901    16.4485553111864    0.005129517847982369
2458663.7103833    16.438225459251655    0.005171070585525141
2458663.71082139    16.442400194201003    0.006146362971528592
2458663.71125568    16.448232180651004    0.00619359796384177
2458663.71168984    16.42727905849374    0.005129517847982369
2458663.71212391    16.437867192290465    0.006146362971528592
2458663.7125583    16.43226965866531    0.006146362971528592
2458663.71299247    16.43465989430098    0.005174724898753341
2458663.71342675    16.423241007327416    0.005129517847982369
2458663.71386079    16.445551487154653    0.006146362971528592
2458663.71429601    16.413141939488575    0.005157933508185842
2458663.71473017    16.428920243881063    0.005157933508185842
2458663.71516433    16.423364413564382    0.005129517847982369
2458663.71559862    16.405886573559176    0.005129517847982369
2458663.71603301    16.40249468727232    0.004160763554057077
2458663.71646742    16.412646128592154    0.004156240643079493
2458663.7169018    16.40402074036272    0.00512584981082999
2458663.71733735    16.41855748326638    0.005129517847982369
2458663.71777199    16.416427856638137    0.005129517847982369
2458663.71820881    16.404098839623284    0.005129517847982369
2458663.71864286    16.403173603163246    0.005129517847982369
2458663.71907715    16.406014201166272    0.005157933508185842
2458663.71951166    16.41470796475517    0.005171070585525141
2458663.71994619    16.3778269131401    0.004156240643079493
2458663.72038047    16.393821046049766    0.004156240643079493
2458663.72081463    16.37711368239248    0.004160763554057077
2458663.7212497    16.389754968024643    0.005129517847982369
2458663.72168389    16.38756420403453    0.004156240643079493
2458663.7221184    16.379752578200144    0.004160763554057077
2458663.72255303    16.38968491028204    0.004156240643079493
2458663.72298731    16.38308938344454    0.004133123125061398
2458663.7234216    16.382749490347422    0.004133123125061398
2458663.72385587    16.377394570371045    0.004133123125061398
2458663.7242905    16.36572367243913    0.004133123125061398
2458663.72472547    16.37105259674009    0.004133123125061398
2458663.72515964    16.36982554842514    0.004133123125061398
2458663.72559391    16.36395935000976    0.004133123125061398
2458663.72602935    16.3574459233393    0.004133123125061398
2458663.72646399    16.355414118037896    0.004133123125061398
2458663.72689804    16.36611946313379    0.004133123125061398
2458663.72733243    16.361681773563213    0.004133123125061398
2458663.72777135    16.35399359451876    0.004133123125061398
2458663.72820563    16.351949740229976    0.004160763554057077
2458663.72863979    16.350419145024436    0.004133123125061398
2458663.7290742    16.36306415150604    0.004133123125061398
2458663.72950987    16.35140022859852    0.004133123125061398
2458663.72994415    16.352534025069293    0.004133123125061398
2458663.73037946    16.3418853279941    0.003175327820385998
2458663.73081352    16.350786156697946    0.004133123125061398
2458663.73124803    16.345107802796328    0.004133123125061398
2458663.7316821    16.340647724130683    0.004133123125061398
2458663.73211647    16.34003711245698    0.004133123125061398
2458663.73255112    16.333223346910994    0.004133123125061398
2458663.73298563    16.342743489249973    0.004126568965687042
2458663.73342083    16.33050537596049    0.003175327820385998
2458663.73385511    16.32175838174487    0.003095261727429576
2458663.73428985    16.330712577931685    0.003175327820385998
2458663.73472413    16.326673442071627    0.004133123125061398
2458663.73515935    16.332178175453787    0.0031667919774704856
2458663.73559339    16.32831709369749    0.003095261727429576
2458663.73602746    16.31811968784291    0.003175327820385998
2458663.73646183    16.322351181675874    0.004133123125061398
2458663.7368973    16.313063303086604    0.004133123125061398
2458663.73733157    16.33443770617499    0.004133123125061398
2458663.73776632    16.31605245994502    0.004133123125061398
2458663.73820059    16.323749838613942    0.004156240643079493
2458663.73863476    16.309613348553043    0.004133123125061398
2458663.73906893    16.313574270162906    0.004133123125061398
2458663.73950344    16.319798171900384    0.004133123125061398
2458663.73993749    16.306368178893926    0.004133123125061398
2458663.74037177    16.30471250143697    0.004133123125061398
2458663.74080605    16.30476784957452    0.004156240643079493
2458663.74124069    16.309769379824385    0.004133123125061398
2458663.74167507    16.31388056754811    0.004133123125061398
2458663.74210935    16.31016473995873    0.004133123125061398
2458663.74254364    16.300403794230036    0.003175327820385998
2458663.74297803    16.298417232479007    0.004133123125061398
2458663.74341256    16.304603529760307    0.003175327820385998
2458663.74384696    16.29524102280229    0.004133123125061398
2458663.74428112    16.305435032232772    0.004133123125061398
2458663.7447161    16.303388011570256    0.004133123125061398
2458663.74515038    16.311649627589897    0.004133123125061398
2458663.74558524    16.305023722142735    0.003175327820385998
2458663.7460194    16.31411998721231    0.003175327820385998
2458663.74645368    16.342915437818423    0.004133123125061398
2458663.74688785    16.350048618434013    0.003088254107555889
2458663.74732248    16.362388920142987    0.004126568965687042
2458663.74775653    16.37039952864029    0.004133123125061398
2458663.74819094    16.387382095684124    0.003088254107555889
2458663.74862555    16.39332453318243    0.003095261727429576
2458663.74906146    16.40761342607363    0.003088254107555889
2458663.74949575    16.40419228532417    0.003088254107555889
2458663.74993002    16.414835911663264    0.004071933835573746
2458663.75036407    16.41495321431531    0.004133123125061398
2458663.75080253    16.410822340167815    0.003088254107555889
2458663.7512367    16.41563920093815    0.004074004218633553
2458663.75167085    16.399159298785257    0.004066609574674684
2458663.75210512    16.38914115333812    0.003088254107555889
2458663.75251302    16.375605587671526    0.004160763554057077
2458663.75325567    16.346735222585686    0.004156240643079493
2458663.75357442    16.34329419650227    0.004156240643079493
2458663.75389273    16.336667560077597    0.004156240643079493
2458663.75421208    16.342855551596884    0.005129517847982369
2458663.75453143    16.317058810537922    0.005129517847982369
2458663.7548503    16.307485384865135    0.004156240643079493
2458663.75516872    16.309911788072164    0.004156240643079493
2458663.7554943    16.30634329676879    0.004156240643079493
2458663.75581273    16.296928986653853    0.004156240643079493
2458663.75613198    16.285293009011625    0.004156240643079493
2458663.75645074    16.283975871619667    0.004156240643079493
2458663.75676961    16.28095071215602    0.004156240643079493
2458663.75740681    16.298851054974747    0.004160763554057077
2458663.75772512    16.291760764703533    0.004156240643079493
2458663.75804539    16.292310094467886    0.004156240643079493
2458663.75836402    16.28621426395511    0.004156240643079493
2458663.75868442    16.297335992574727    0.004160763554057077
2458663.75900293    16.30783028368026    0.005157933508185842
2458663.75932135    16.29122690441919    0.004156240643079493
2458663.75964002    16.29383901780928    0.004156240643079493
2458663.75996053    16.292361673246493    0.004156240643079493
2458663.76027976    16.295383601814166    0.005157933508185842
2458663.76059827    16.296957597528813    0.005129517847982369
2458663.7609167    16.28970235393877    0.004156240643079493
2458663.76123548    16.284588745898613    0.004156240643079493
2458663.76155492    16.317005766246737    0.004156240643079493
2458663.76187334    16.291529514830025    0.004156240643079493
2458663.76219236    16.291300736887504    0.004156240643079493
2458663.76251228    16.29880600174522    0.004156240643079493
2458663.76283094    16.304409270691636    0.004156240643079493
2458663.76314924    16.30468333986329    0.005129517847982369
2458663.76346788    16.310405055057682    0.005171070585525141
2458663.76378663    16.316041652112858    0.005171070585525141
2458663.76410565    16.303740939971004    0.005171070585525141
2458663.76442407    16.297832035440692    0.005171070585525141
2458663.76474327    16.30760904467118    0.005171070585525141
2458663.7650617    16.316054943095004    0.004160763554057077
2458663.76538024    16.28520116486484    0.005157933508185842
2458663.76569879    16.305245101647838    0.005129517847982369
2458663.76602183    16.318596484491145    0.005157933508185842
2458663.76634034    16.317205522794254    0.005129517847982369
2458663.76665901    16.312195902400237    0.005171070585525141
2458663.76697743    16.335090767807095    0.005171070585525141
2458663.76729979    16.305905054594884    0.00621825270205921
2458663.76761798    16.314395232759015    0.005171070585525141
2458663.76793709    16.3341312065831    0.005171070585525141
2458663.76825643    16.321167655450704    0.005157933508185842
2458663.76857554    16.309316648493123    0.004156240643079493
2458663.76889385    16.314663463152375    0.004156240643079493
2458663.76921284    16.30958514351631    0.004156240643079493
2458663.76953162    16.32651578326375    0.004156240643079493
2458663.76985073    16.31359238661015    0.005157933508185842
2458663.77016925    16.316034105877176    0.006160028079964079
2458663.77048803    16.31901563082389    0.004156240643079493
2458663.77080714    16.326866451900365    0.004156240643079493
2458663.77112592    16.32912452527613    0.004156240643079493
2458663.77144455    16.28901955887596    0.005171070585525141
2458663.77176286    16.315535080692854    0.007236882066901658
2458663.77208164    16.33332384852862    0.004156240643079493
2458663.77239995    16.336942843998287    0.005171070585525141
2458663.77271825    16.333555339171834    0.005129517847982369
2458663.77303656    16.319431153547285    0.005129517847982369
2458663.77335498    16.34428214351199    0.007240701298655954
2458663.77367373    16.326318289271825    0.005171070585525141
2458663.77399249    16.308765900785968    0.005171070585525141
2458663.77431139    16.316365502544336    0.048947817535709426
2458663.77463038    16.349945012741443    0.025524678771308963
2458663.77558506    16.307780734322193    0.007236882066901658
2458663.77590405    16.367897864276888    0.007191670415251501
2458663.77622363    16.320475399357182    0.005171070585525141
2458663.77686033    16.28825023899907    0.01543818609460949
2458663.77749835    16.378343887615312    0.01237048529039902
2458663.77781722    16.380445876116383    0.013285495366416796
2458663.77940898    16.36673660233966    0.012298144298338328
2458663.77972809    16.36012975237457    0.017427661454693412
2458663.78004652    16.370232107635747    0.01229535416084926
2458663.78036482    16.35450406951836    0.005171070585525141
2458663.781002    16.40706866294543    0.014331580143488794
2458663.78132078    16.34043719162888    0.011282343310834244
2458663.78163897    16.407804557936068    0.012283207764360909
2458663.78196872    16.398192773959572    0.027501284282870363
2458663.78228738    16.397086869290707    0.04372896125179163
2458663.78260557    16.34086057896404    0.018421577271250836
2458663.78292468    16.336974791176182    0.00621825270205921
2458663.78324298    16.33949438361423    0.01335306696079786
2458663.78419939    16.38965754507647    0.008228864564422164
2458663.78451805    16.346786990270783    0.005129517847982369
2458663.78706828    16.367454814412913    0.005157933508185842
2458663.79184828    16.391670074782265    0.006160028079964079
2458663.79216718    16.26689253689065    0.025541721160817033
2458663.79248614    16.356041843745714    0.025462617968179647
2458663.79695213    16.387435857820982    0.013285495366416796
2458663.79950561    16.312608841069945    0.03464417763498265
2458663.79982773    16.37095675139011    0.009204032378235248
2458663.80014627    16.401234587201273    0.008228864564422164
2458663.80046494    16.33155197269473    0.02039030420407225
2458663.80144843    16.36184034601675    0.01535243870982837
2458663.80176695    16.388539935245603    0.04374211306316561
2458663.80240612    16.403444580802827    0.027493506701017127
2458663.80272455    16.310212684353985    0.0558603196209272
2458663.80304297    16.351747876163188    0.05993048670408785
2458663.80336184    16.134946231928243    0.037975944816663686
2458663.8039989    16.383932578052207    0.010195152102036125
2458663.80431849    16.365365020329378    0.006160028079964079
2458663.80463679    16.35556740892643    0.023381111715903697
2458663.80527397    16.360263668772895    0.014336275892698544
2458663.80559215    16.34977693935639    0.027529501888005955
2458663.80591174    16.415666968730743    0.006160028079964079
2458663.80623005    16.35775959915586    0.00921635103409433
2458663.80655273    16.37955830987796    0.006143286661102779
2458663.80687152    16.37584736656146    0.00512584981082999
2458663.80718982    16.325187411984803    0.017424340224755218
2458663.80750881    16.340713099931577    0.0315816543667709
2458663.80782712    16.416057468077845    0.037551403960381494
2458663.80814566    16.381977748253355    0.016341739762077517
2458663.80846465    16.393966299252945    0.007203988873690194
2458663.80942118    16.40995386170164    0.006143286661102779
2458663.80974029    16.410007379989796    0.006143286661102779
2458663.81005883    16.455172052507624    0.004133123125061398
2458663.81037866    16.494666452127706    0.004133123125061398
2458663.81069705    16.54466670698549    0.005129517847982369
2458663.81101583    16.53979738745761    0.008175382525155879
2458663.81133518    16.656079784535997    0.010184017479344916
2458663.81165381    16.681574414009795    0.038423346526227566
2458663.81197281    16.78183830786829    0.00915624810894856
2458663.81229135    16.709846381887736    0.02126232072249112
2458663.81292832    17.05129695492136    0.025187183038387646
2458663.81324799    17.076166517383157    0.0070930919458843675
2458663.81356746    17.14416428922194    0.006089557189723838
2458663.81389352    17.241354679197073    0.0070769136469874564
2458663.81421286    17.320533545522945    0.0070769136469874564
2458663.81453105    17.415983690026582    0.008067385373645992
2458663.81485028    17.472606223088448    0.008067385373645992
2458663.81516963    17.49334859484675    0.01006351510572652
2458663.81548817    17.46877639930659    0.008067385373645992
2458663.81580704    17.42599310556921    0.008067385373645992
2458663.81612571    17.367803018955048    0.00907259352956858
2458663.81644398    17.277309818866176    0.009096151438959409
2458663.81676241    17.2340898154726    0.01115471896985119
2458663.81708107    17.072313613033145    0.007090439780661412
2458663.81740262    16.97612110629335    0.006089557189723838
2458663.81772114    16.897074837542203    0.005107123139979816
2458663.81803944    16.811727932094712    0.005107123139979816
2458663.81835775    16.74729831476646    0.005107123139979816
2458663.81867665    16.699672899937337    0.005107123139979816
2458663.8189954    16.63429481907049    0.00512584981082999
2458663.81931371    16.580174337169755    0.004133123125061398
2458663.81963189    16.53597035169241    0.004133123125061398
2458663.81995008    16.49478891724868    0.004133123125061398
2458663.82026826    16.44619395432773    0.004133123125061398
2458663.82059339    16.423189341640217    0.004133123125061398
2458663.82091206    16.39615091274539    0.004156240643079493
2458663.8212306    16.387895837195927    0.004156240643079493
2458663.82155144    16.383063312354242    0.004160763554057077
2458663.82187147    16.374852730907484    0.004156240643079493
2458663.82218966    16.373241793746324    0.004133123125061398
2458663.82250796    16.384298641043532    0.004156240643079493
2458663.82282615    16.37627383711414    0.004156240643079493
2458663.82314469    16.373637099444778    0.004133123125061398
2458663.82346324    16.365154724883006    0.004133123125061398
2458663.82378175    16.370822747203512    0.004133123125061398
2458663.82410077    16.37008448783573    0.004133123125061398
2458663.82441932    16.36763218846193    0.004133123125061398
2458663.82473771    16.37693335631649    0.004126568965687042
2458663.82505754    16.36413301909446    0.004133123125061398
2458663.82537641    16.36879333437963    0.004133123125061398
2458663.82569504    16.355384176300163    0.004156240643079493
2458663.82601418    16.37534117648183    0.00512584981082999
2458663.82633273    16.365263087212483    0.004156240643079493
2458663.82665124    16.36922926642966    0.00512584981082999
2458663.82697047    16.389655665084835    0.005171070585525141
2458663.82728877    16.38278082699634    0.004156240643079493
2458663.82760756    16.366534470479497    0.004156240643079493
2458663.82792598    16.371633440058208    0.004156240643079493
2458663.82825108    16.365665971418053    0.004133123125061398
2458663.82856939    16.36359725634544    0.004133123125061398
2458663.82888805    16.368468207772395    0.004133123125061398
2458663.82920692    16.359730026573448    0.004133123125061398
2458663.82952591    16.363247422131995    0.004133123125061398
2458663.82984434    16.362569621432183    0.004133123125061398
2458663.83016276    16.36520761580694    0.004133123125061398
2458663.83048107    16.35989829898705    0.004133123125061398
2458663.83079949    16.365521255524307    0.004133123125061398
2458663.83111803    16.367685502861253    0.004133123125061398
2458663.83143634    16.34869197551505    0.004133123125061398
2458663.83175509    16.353826037838033    0.004133123125061398
2458663.83207384    16.364862555414195    0.004156240643079493
2458663.83239203    16.35934257549172    0.004133123125061398
2458663.83271141    16.357281351919134    0.004156240643079493
2458663.83303028    16.359353537344713    0.004156240643079493
2458663.83335621    16.357973697836005    0.004133123125061398
2458663.83367497    16.356987454049744    0.004133123125061398
2458663.83399375    16.352655335130613    0.004133123125061398
2458663.83431241    16.35110523392599    0.004133123125061398
2458663.83463084    16.354274050011046    0.004126568965687042
2458663.83494926    16.351707532864097    0.004126568965687042
2458663.8352678    16.35248531403563    0.004133123125061398
2458663.83558617    16.348972958283298    0.004133123125061398
2458663.83590448    16.351549595529537    0.004156240643079493
2458663.8362229    16.348376823808092    0.004133123125061398
2458663.83654192    16.35254368121455    0.004156240643079493
2458663.83686207    16.343824526087786    0.004133123125061398
2458663.83718121    16.344534074652596    0.00926274260320104
