2459190.53156949    15.353857669243396    0.003216386452793659
2459190.53191669    15.353810766662027    0.0032160162508117216
2459190.5322639    15.35317017620832    0.0032156568940640046
2459190.5326111    15.35674011874012    0.0032140428080220476
2459190.53295831    15.35443820339943    0.0031811843363271277
2459190.53330551    15.357264703533202    0.0031794607565431405
2459190.53365272    15.351654503418056    0.0022271524287670844
2459190.53399993    15.349531131558692    0.0022271524287670844
2459190.53434713    15.352311794065688    0.002226797498163985
2459190.53469433    15.35252295941746    0.0022253631162723188
2459190.53504154    15.353452740120183    0.0022246213112976916
2459190.53538874    15.352869663165055    0.002224264445723705
2459190.53573595    15.354206137173268    0.0022238066665219835
2459190.53608315    15.352096700954593    0.002222849744715228
2459190.53643036    15.354056560792118    0.0022227188268365713
2459190.53677757    15.353696042731348    0.002220313327291274
2459190.53712477    15.35271686426231    0.0021323904622702165
2459190.53747197    15.353237021041647    0.0022196996939429737
2459190.53781918    15.356334435416866    0.0022196996939429737
2459190.53816638    15.35198662689082    0.00213151958040992
2459190.53851359    15.352654064435447    0.0021318185336581955
2459190.53886079    15.358931223070412    0.00213159076847506
2459190.539208    15.355496291787937    0.00213151958040992
2459190.53955521    15.352815154564706    0.00213151958040992
2459190.53990241    15.354585934285543    0.00213159076847506
2459190.54024961    15.357229449760908    0.002131428219792503
2459190.54059682    15.355554473713514    0.00213151958040992
2459190.54094402    15.35249882318177    0.0021310982309102372
2459190.54129123    15.35524075207729    0.0021309789064963827
2459190.54163843    15.351860233288512    0.002131428219792503
2459190.54198564    15.350450310350984    0.002131189132722028
2459190.54233285    15.350301980887982    0.0021295679555518345
2459190.54268005    15.354247881536782    0.002129451401962776
2459190.54302726    15.352682792949297    0.002128751588439284
2459190.54337446    15.356658735703489    0.002128636499683507
2459190.54372167    15.351713754174758    0.002128636499683507
2459190.54406887    15.350949923223201    0.002128636499683507
2459190.54441607    15.348956723580745    0.002128636499683507
2459190.54476328    15.34782744273394    0.002128636499683507
2459190.54511049    15.351986924230436    0.002128636499683507
2459190.54545769    15.35433607191376    0.002128636499683507
2459190.5458049    15.352968194592636    0.002128751588439284
2459190.5461521    15.35630129566196    0.002128636499683507
2459190.5464993    15.357348227444685    0.002129451401962776
2459190.54684651    15.356074059077097    0.0021295679555518345
2459190.54719371    15.350007141421385    0.0021310982309102372
2459190.54754092    15.356826657618495    0.002129451401962776
2459190.54788812    15.351769842479504    0.0021310982309102372
2459190.54823533    15.356769684648029    0.0021295679555518345
2459190.54858254    15.363821027364468    0.0021295679555518345
2459190.54892974    15.354251628253508    0.002131428219792503
2459190.54927695    15.350928454854845    0.002216558882401438
2459190.54962415    15.350321155778886    0.0021296567448684605
2459190.54997135    15.35422817709774    0.0021302625098904814
2459190.55031856    15.362039699025077    0.0021295679555518345
2459190.55066577    15.355410476240088    0.0021295679555518345
2459190.55101297    15.357584752262103    0.0021310982309102372
2459190.55136018    15.352234511617727    0.002128751588439284
2459190.55170738    15.352701447854386    0.002128751588439284
2459190.55205458    15.35517014474884    0.002128636499683507
2459190.55240179    15.3556191682547    0.002128636499683507
2459190.552749    15.349388004939891    0.002128636499683507
2459190.5530962    15.351941636639758    0.0021295679555518345
2459190.55344341    15.353325283789935    0.002128636499683507
2459190.55379061    15.355006826049898    0.002128751588439284
2459190.55413782    15.353817738011402    0.0021295679555518345
2459190.55448502    15.35361910701206    0.002128751588439284
2459190.55483223    15.357933930174694    0.002129451401962776
2459190.55517943    15.35216387727752    0.002128751588439284
2459190.55552664    15.355152936918275    0.002128636499683507
2459190.55587384    15.348180843586475    0.0021295679555518345
2459190.55622105    15.350945285775726    0.0021295679555518345
2459190.55656825    15.355079970925491    0.0021295679555518345
2459190.55691546    15.355765990479478    0.0021295679555518345
2459190.55726266    15.353553089970031    0.002128636499683507
2459190.55760986    15.357549579558702    0.002128636499683507
2459190.55795707    15.354031068556559    0.0021310982309102372
2459190.55830428    15.352446177902229    0.002128751588439284
2459190.55865149    15.348784652288007    0.002128751588439284
2459190.55899869    15.352856151743945    0.002128636499683507
2459190.55934589    15.359936969896836    0.002129451401962776
2459190.5596931    15.352604054633169    0.0021310982309102372
2459190.5600403    15.355473960389814    0.0021310982309102372
2459190.56038751    15.352667723881234    0.0021310982309102372
2459190.56073471    15.357305966084208    0.0021310982309102372
2459190.56108192    15.354795952530878    0.0022174622963491864
2459190.56142912    15.353030083267964    0.002217657310084805
2459190.56177633    15.348726502357103    0.002216558882401438
2459190.56212353    15.354807372105762    0.0022174622963491864
2459190.56247074    15.352788434152137    0.0022172122254685974
2459190.56281794    15.353136155222455    0.0022174622963491864
2459190.56316514    15.351685914987579    0.0022174622963491864
2459190.56351235    15.349919181653908    0.0022178122971919104
2459190.56385956    15.346227336103558    0.002217657310084805
2459190.56420676    15.350256064850605    0.00213151958040992
2459190.56455397    15.356755906187995    0.002216558882401438
2459190.56490117    15.351967946080988    0.0022174622963491864
2459190.56524838    15.355554617222932    0.0022174622963491864
2459190.56559559    15.354306770823106    0.0022178122971919104
2459190.56594279    15.355697334109346    0.002219066662447432
2459190.56628999    15.356758723424349    0.0022192236690622104
2459190.5666372    15.357039602828333    0.0022196996939429737
2459190.5669844    15.353216598306233    0.0022198576119381013
